"subject" "radius" "speed" "number" "freq" "tf" "durationTest" "x" "xmin" "xmax" "meandur" "pse" "psemin" "psemax" "angle" "speedMatch" "speedMatchMin" "speedMatchMax" "freqMatch" "freqMatchMin" "freqMatchMax" "tfMatch" "tfMatchMin" "tfMatchMax" "freqMatchDif" "freqMatchMinDif" "freqMatchMaxDif"
"1" "AB" 2 10 1 0.795774715459477 0.795774715459477 56 6.80967415805933 6.75702886816413 6.85721973704056 956.666666666667 1.0523602523959 1.00621588400811 1.10095856180742 0.742723067762178 13.6181214045933 10.51298462801 17.01833979322 0.722463779055525 0.557731156732301 0.902850967102822 0.722463779055525 0.557731156732301 0.902850967102822 -0.0733109364039521 -0.238043558727176 0.107076251643346
"2" "AB" 2 10 1 0.795774715459477 0.795774715459477 112 7.45352828236804 7.38583228350477 7.51199202608399 1906.66666666667 1.09478565075991 1.04028582154005 1.15403687872617 1.48544613552436 13.6181214045933 10.51298462801 17.01833979322 0.722463779055525 0.557731156732301 0.902850967102822 0.722463779055525 0.557731156732301 0.902850967102822 -0.0733109364039521 -0.238043558727176 0.107076251643346
"3" "AB" 2 10 2 0.795774715459477 1.59154943091895 56 6.69501968792891 6.63029455724922 6.74435830847598 956.666666666667 1.15501409493172 1.11227805640769 1.20797352748714 0.742723067762178 15.5297506417167 14.239018415665 16.80516128075 0.823878859871247 0.755403388543204 0.89154149576263 0.823878859871247 0.755403388543204 0.89154149576263 0.0281041444117703 -0.0403713269162724 0.0957667803031531
"4" "AB" 2 10 2 0.795774715459477 1.59154943091895 112 7.48407971272106 7.44052138445802 7.53035424332799 1906.66666666667 1.06670326334703 1.02250055253673 1.10648344049048 1.48544613552436 15.5297506417167 14.239018415665 16.80516128075 0.823878859871247 0.755403388543204 0.89154149576263 0.823878859871247 0.755403388543204 0.89154149576263 0.0281041444117703 -0.0403713269162724 0.0957667803031531
"5" "AB" 2 15.849 1 1.26122334653172 1.26122334653172 56 6.73450033076566 6.66034509572322 6.79597966245017 956.666666666667 1.12098620664394 1.06524924519886 1.18381148250806 1.17714179009628 22.30949759475 19.1711305772 25.25841195285 1.1835556067004 1.01706006534052 1.34000037231583 1.1835556067004 1.01706006534052 1.34000037231583 -0.0776677398313206 -0.244163281191204 0.0787770257841056
"6" "AB" 2 15.849 1 1.26122334653172 1.26122334653172 112 7.38343687725693 7.31577846026983 7.43771589367203 1906.66666666667 1.15606087895311 1.10898667991587 1.21127166690877 2.35428358019255 22.30949759475 19.1711305772 25.25841195285 1.1835556067004 1.01706006534052 1.34000037231583 1.1835556067004 1.01706006534052 1.34000037231583 -0.0776677398313206 -0.244163281191204 0.0787770257841056
"7" "AB" 2 15.849 2 1.26122334653172 2.52244669306345 112 7.41176536640781 7.34509782359121 7.46794417670285 1906.66666666667 1.13181150633574 1.0816416628092 1.18780431145851 2.35428358019255 25.3741361855333 22.875117212085 27.6394019985367 1.34613973353819 1.21356265936994 1.46631581739037 1.34613973353819 1.21356265936994 1.46631581739037 0.084916387006462 -0.0476606871617833 0.205092470858649
"8" "AB" 2 15.849 2 1.26122334653172 2.52244669306345 56 6.62406509864692 6.55899500944364 6.67171482294691 956.666666666667 1.21289208772005 1.17447868656689 1.26247847934291 1.17714179009628 25.3741361855333 22.875117212085 27.6394019985367 1.34613973353819 1.21356265936994 1.46631581739037 1.34613973353819 1.21356265936994 1.46631581739037 0.084916387006462 -0.0476606871617833 0.205092470858649
"9" "AB" 2 25.119 1 1.99890650776266 1.99890650776266 56 6.7052231509049 6.64212469161192 6.75581439822055 956.666666666667 1.14634817652974 1.10204975786561 1.19854810582149 1.86564607391182 36.07858123625 30.9693039154667 41.40712406465 1.9140281811639 1.6429726007539 2.19671615803614 1.9140281811639 1.6429726007539 2.19671615803614 -0.084878326598762 -0.355933907008757 0.197809650273481
"10" "AB" 2 25.119 1 1.99890650776266 1.99890650776266 112 7.27555506963338 7.16257659466828 7.35103039984928 1906.66666666667 1.24236741413691 1.18297157749256 1.32330539009264 3.73129214782363 36.07858123625 30.9693039154667 41.40712406465 1.9140281811639 1.6429726007539 2.19671615803614 1.9140281811639 1.6429726007539 2.19671615803614 -0.084878326598762 -0.355933907008757 0.197809650273481
"11" "AB" 2 25.119 2 1.99890650776266 3.99781301552532 56 6.58123803748217 6.44998823458913 6.65244862809988 956.666666666667 1.24588996197978 1.19023110916642 1.33864649945615 1.86564607391182 44.1290435065833 42.400256851655 46.3006784434667 2.34111846933001 2.24940348876897 2.45632728092869 2.34111846933001 2.24940348876897 2.45632728092869 0.342211961567355 0.250496981006306 0.457420773166034
"12" "AB" 2 25.119 2 1.99890650776266 3.99781301552532 112 7.42632872808213 7.35254461298983 7.48315329626694 1906.66666666667 1.11907524702927 1.06756748442432 1.18173348518774 3.73129214782363 44.1290435065833 42.400256851655 46.3006784434667 2.34111846933001 2.24940348876897 2.45632728092869 2.34111846933001 2.24940348876897 2.45632728092869 0.342211961567355 0.250496981006306 0.457420773166034
"13" "AB" 2 3.981 1 0.316797914224418 0.316797914224418 112 7.66524859610812 7.60859044426738 7.72983703117319 1906.66666666667 0.881334115878951 0.806696829309404 0.94295355263058 0.591356106552246 5.15555667439167 4.05485366629 6.25269627459325 0.273510776373282 0.215116668168116 0.331715839917932 0.273510776373282 0.215116668168116 0.331715839917932 -0.0432871378511354 -0.101681246056302 0.0149179256935139
"14" "AB" 2 3.981 1 0.316797914224418 0.316797914224418 56 6.92080948416796 6.87084300953353 6.97101545311462 956.666666666667 0.940968867628942 0.886441845594556 0.992584652024653 0.295678053276123 5.15555667439167 4.05485366629 6.25269627459325 0.273510776373282 0.215116668168116 0.331715839917932 0.273510776373282 0.215116668168116 0.331715839917932 -0.0432871378511354 -0.101681246056302 0.0149179256935139
"15" "AB" 2 3.981 2 0.316797914224418 0.633595828448835 112 7.62566459020982 7.57625643479308 7.6847221603549 1906.66666666667 0.924750428140408 0.859336210265243 0.976585445410263 0.591356106552246 5.265428199225 4.56980218778196 5.92534491243725 0.279339641800705 0.242435535712552 0.314349310779601 0.279339641800705 0.242435535712552 0.314349310779601 -0.0374582724237124 -0.0743623785118655 -0.00244860344481695
"16" "AB" 2 3.981 2 0.316797914224418 0.633595828448835 56 6.83279615212093 6.78945777167051 6.87933912156634 956.666666666667 1.03019365133262 0.983989075579579 1.07132575083614 0.295678053276123 5.265428199225 4.56980218778196 5.92534491243725 0.279339641800705 0.242435535712552 0.314349310779601 0.279339641800705 0.242435535712552 0.314349310779601 -0.0374582724237124 -0.0743623785118655 -0.00244860344481695
"17" "AB" 2 39.182 1 3.11800449011332 3.11800449011332 112 7.44018059708326 7.37660008813167 7.50238945090364 1906.66666666667 1.10678788777426 1.04945744302221 1.16181103406165 5.82027504821153 50.9083878815167 46.79080890185 54.55872 2.70077385872764 2.48232950933256 2.89442999225555 2.70077385872764 2.48232950933256 2.89442999225555 -0.417230631385682 -0.63567498078076 -0.223574497857772
"18" "AB" 2 39.182 1 3.11800449011332 3.11800449011332 56 6.62478427319609 6.53466724309917 6.68036568732017 956.666666666667 1.21232581614245 1.1673062344224 1.28020424223618 2.91013752410577 50.9083878815167 46.79080890185 54.55872 2.70077385872764 2.48232950933256 2.89442999225555 2.70077385872764 2.48232950933256 2.89442999225555 -0.417230631385682 -0.63567498078076 -0.223574497857772
"19" "AB" 2 39.182 2 3.11800449011332 6.23600898022664 112 7.4794871664918 7.43224974144307 7.52459370606399 1906.66666666667 1.07097964450039 1.02811528705916 1.1138438073687 5.82027504821153 58.7961292798333 53.3914309288925 63.0697361502833 3.11923153651853 2.83250338369425 3.3459534226064 3.11923153651853 2.83250338369425 3.3459534226064 0.00122704640520999 -0.285501106419073 0.227948932493078
"20" "AB" 2 39.182 2 3.11800449011332 6.23600898022664 56 6.63630571715106 6.50793817435492 6.70873783314709 956.666666666667 1.20319819143944 1.14334258286545 1.29918886165606 2.91013752410577 58.7961292798333 53.3914309288925 63.0697361502833 3.11923153651853 2.83250338369425 3.3459534226064 3.11923153651853 2.83250338369425 3.3459534226064 0.00122704640520999 -0.285501106419073 0.227948932493078
"21" "AB" 2 6.31 1 0.50213384545493 0.50213384545493 112 7.57500038629882 7.51734303715718 7.63329593364159 1906.66666666667 0.97787009675947 0.916513439713946 1.03513661590238 0.937316511515869 7.48678289788667 6.43316855314 8.48014733138167 0.397186168684843 0.341290191658522 0.449885788645646 0.397186168684843 0.341290191658522 0.449885788645646 -0.104947676770087 -0.160843653796407 -0.052248056809284
"22" "AB" 2 6.31 1 0.50213384545493 0.50213384545493 56 6.87750134626635 6.83804509963081 6.91875708525984 956.666666666667 0.985854560664749 0.943140192993578 1.02508980552253 0.468658255757934 7.48678289788667 6.43316855314 8.48014733138167 0.397186168684843 0.341290191658522 0.449885788645646 0.397186168684843 0.341290191658522 0.449885788645646 -0.104947676770087 -0.160843653796407 -0.052248056809284
"23" "AB" 2 6.31 2 0.50213384545493 1.00426769090986 112 7.55958880753918 7.51243541993085 7.60637601006083 1906.66666666667 0.993501966965055 0.945291722624267 1.03986019582564 0.937316511515869 11.5435529647983 10.4726765124655 13.1066802246817 0.612404505063586 0.55559274478709 0.69533098176096 0.612404505063586 0.55559274478709 0.69533098176096 0.110270659608656 0.0534588993321597 0.193197136306031
"24" "AB" 2 6.31 2 0.50213384545493 1.00426769090986 56 6.75638076178075 6.70275333511639 6.80326109000933 956.666666666667 1.10154104752569 1.05841808517533 1.14845393778961 0.468658255757934 11.5435529647983 10.4726765124655 13.1066802246817 0.612404505063586 0.55559274478709 0.69533098176096 0.612404505063586 0.55559274478709 0.69533098176096 0.110270659608656 0.0534588993321597 0.193197136306031
"25" "AB" 4 10 1 0.397887357729738 0.397887357729738 56 6.90207860272965 6.85095349777618 6.95462290489686 956.666666666667 0.960620830352737 0.904547100275154 1.01242370290392 0.371361533881089 9.34877095815 8.50368821620833 10.1892078312133 0.495967703274509 0.451134671373953 0.540554264176084 0.495967703274509 0.451134671373953 0.540554264176084 0.0980803455447707 0.0532473136442144 0.142666906446346
"26" "AB" 4 10 1 0.397887357729738 0.397887357729738 112 7.66372009023204 7.60794480225965 7.72391843537886 1906.66666666667 0.883042697135298 0.813738649038399 0.943635805951725 0.742723067762178 9.34877095815 8.50368821620833 10.1892078312133 0.495967703274509 0.451134671373953 0.540554264176084 0.495967703274509 0.451134671373953 0.540554264176084 0.0980803455447707 0.0532473136442144 0.142666906446346
"27" "AB" 4 10 2 0.397887357729738 0.795774715459477 112 7.55482651654975 7.50974630381911 7.59850803221821 1906.66666666667 0.998283808181547 0.95355758353432 1.04243865480097 0.742723067762178 10.74862453864 9.46264757260308 11.7867794607167 0.570232242254466 0.502009045305435 0.625308071435694 0.570232242254466 0.502009045305435 0.625308071435694 0.172344884524728 0.104121687575697 0.227420713705956
"28" "AB" 4 10 2 0.397887357729738 0.795774715459477 56 6.76897551247627 6.71306996735877 6.82031011104969 956.666666666667 1.09015362063752 1.04222740989202 1.13962337772973 0.371361533881089 10.74862453864 9.46264757260308 11.7867794607167 0.570232242254466 0.502009045305435 0.625308071435694 0.570232242254466 0.502009045305435 0.625308071435694 0.172344884524728 0.104121687575697 0.227420713705956
"29" "AB" 4 15.849 1 0.630611673265862 0.630611673265862 56 6.84047075822995 6.79558365485126 6.88282321632787 956.666666666667 1.02272213580762 0.980443023436406 1.06561934031577 0.588570895048138 13.4438516743167 11.5758914174 15.7145594615892 0.713218482720584 0.614120113258086 0.833683272274476 0.713218482720584 0.614120113258086 0.833683272274476 0.0826068094547213 -0.0164915600077767 0.203071599008614
"30" "AB" 4 15.849 1 0.630611673265862 0.630611673265862 112 7.52777653736126 7.48088216502168 7.57763456457675 1906.66666666667 1.02501701395273 0.975174075029149 1.06968275810325 1.17714179009628 13.4438516743167 11.5758914174 15.7145594615892 0.713218482720584 0.614120113258086 0.833683272274476 0.713218482720584 0.614120113258086 0.833683272274476 0.0826068094547213 -0.0164915600077767 0.203071599008614
"31" "AB" 4 15.849 2 0.630611673265862 1.26122334653172 56 6.76226240313128 6.7038113544452 6.81220455331292 956.666666666667 1.09624106317434 1.04995931289458 1.14755250881587 0.588570895048138 15.4663632691833 13.4113829631167 17.8485785121117 0.820516055315151 0.711495964092816 0.94689649912212 0.820516055315151 0.711495964092816 0.94689649912212 0.189904382049289 0.0808842908269536 0.316284825856257
"32" "AB" 4 15.849 2 0.630611673265862 1.26122334653172 112 7.4996365556999 7.44359111498233 7.55199022153757 1906.66666666667 1.05207058856007 1.00112094543894 1.10373637120975 1.17714179009628 15.4663632691833 13.4113829631167 17.8485785121117 0.820516055315151 0.711495964092816 0.94689649912212 0.820516055315151 0.711495964092816 0.94689649912212 0.189904382049289 0.0808842908269536 0.316284825856257
"33" "AB" 4 25.119 1 0.99945325388133 0.99945325388133 112 7.42600308079393 7.36340136062297 7.47756143734692 1906.66666666667 1.11936207108191 1.07276696457563 1.17280137303074 1.86564607391182 24.2983175252 22.7012245409833 25.9875620715654 1.289065780984 1.20433736664551 1.37868298753236 1.289065780984 1.20433736664551 1.37868298753236 0.289612527102673 0.204884112764184 0.379229733651034
"34" "AB" 4 25.119 1 0.99945325388133 0.99945325388133 56 6.7995121947842 6.7502366291602 6.84822612986594 956.666666666667 1.06194136878292 1.01511351708174 1.10704437458545 0.932823036955908 24.2983175252 22.7012245409833 25.9875620715654 1.289065780984 1.20433736664551 1.37868298753236 1.289065780984 1.20433736664551 1.37868298753236 0.289612527102673 0.204884112764184 0.379229733651034
"35" "AB" 4 25.119 2 0.99945325388133 1.99890650776266 112 7.46132827171412 7.40349655607167 7.51328270175234 1906.66666666667 1.0876973801999 1.03904634209042 1.13896079354096 1.86564607391182 20.9778157806667 18.8341433642 23.1045341338 1.11290769225476 0.99918233843795 1.22573360507656 1.11290769225476 0.99918233843795 1.22573360507656 0.113454438373426 -0.000270915443380093 0.226280351195234
"36" "AB" 4 25.119 2 0.99945325388133 1.99890650776266 56 6.74400252719788 6.6883779099232 6.80130320983304 956.666666666667 1.11259383507798 1.0602597862374 1.16060770740233 0.932823036955908 20.9778157806667 18.8341433642 23.1045341338 1.11290769225476 0.99918233843795 1.22573360507656 1.11290769225476 0.99918233843795 1.22573360507656 0.113454438373426 -0.000270915443380093 0.226280351195234
"37" "AB" 4 3.981 1 0.158398957112209 0.158398957112209 56 6.93611414302218 6.88090736317569 7.00178917652877 956.666666666667 0.924636092460383 0.851640782200128 0.982394474939628 0.147839026638062 3.89205969062 2.81677565502021 4.89737610757333 0.206480179523629 0.149434589692459 0.259813871900147 0.206480179523629 0.149434589692459 0.259813871900147 0.0480812224114198 -0.00896436741974962 0.101414914787938
"38" "AB" 4 3.981 1 0.158398957112209 0.158398957112209 112 7.72777199484965 7.67431623000727 7.79750572415866 1906.66666666667 0.809158501106242 0.723152782118711 0.87114433440087 0.295678053276123 3.89205969062 2.81677565502021 4.89737610757333 0.206480179523629 0.149434589692459 0.259813871900147 0.206480179523629 0.149434589692459 0.259813871900147 0.0480812224114198 -0.00896436741974962 0.101414914787938
"39" "AB" 4 3.981 2 0.158398957112209 0.316797914224418 112 7.68370841926239 7.63791847527501 7.73232671991325 1906.66666666667 0.860491962106093 0.803722174395976 0.911493384210985 0.295678053276123 5.32111040157833 4.68894124588488 6.10454101420767 0.282293674382964 0.248756059050016 0.323855959239454 0.282293674382964 0.248756059050016 0.323855959239454 0.123894717270755 0.0903571019378072 0.165457002127245
"40" "AB" 4 3.981 2 0.158398957112209 0.316797914224418 56 6.89978463220372 6.84076475839669 6.96412554101665 956.666666666667 0.963002402860225 0.894087793194319 1.02243477371241 0.147839026638062 5.32111040157833 4.68894124588488 6.10454101420767 0.282293674382964 0.248756059050016 0.323855959239454 0.282293674382964 0.248756059050016 0.323855959239454 0.123894717270755 0.0903571019378072 0.165457002127245
"41" "AB" 4 39.182 1 1.55900224505666 1.55900224505666 56 6.74853797488563 6.69674938776547 6.79406886603303 956.666666666667 1.10855990992586 1.06703365822412 1.1535512581803 1.45506876205288 32.8521933877 30.7987346468783 34.9693102096667 1.74286298968778 1.63392362000877 1.85517952546078 1.74286298968778 1.63392362000877 1.85517952546078 0.183860744631117 0.074921374952108 0.296177280404117
"42" "AB" 4 39.182 1 1.55900224505666 1.55900224505666 112 7.41061207780062 7.33345424140897 7.47263466955794 1906.66666666667 1.13281220107853 1.07732399150296 1.19720633586271 2.91013752410577 32.8521933877 30.7987346468783 34.9693102096667 1.74286298968778 1.63392362000877 1.85517952546078 1.74286298968778 1.63392362000877 1.85517952546078 0.183860744631117 0.074921374952108 0.296177280404117
"43" "AB" 4 39.182 2 1.55900224505666 3.11800449011332 56 6.6977528629934 6.62983015274086 6.75249321287042 956.666666666667 1.15270144152249 1.10502707021514 1.20834126275615 1.45506876205288 32.9463561777333 30.10979807655 35.6744943314758 1.74785848085082 1.59737439979393 1.89259070505273 1.74785848085082 1.59737439979393 1.89259070505273 0.18885623579416 0.0383721547372642 0.333588459996065
"44" "AB" 4 39.182 2 1.55900224505666 3.11800449011332 112 7.44874802194779 7.39007276702359 7.50368661371061 1906.66666666667 1.09910248506904 1.04822363451861 1.15044196936279 2.91013752410577 32.9463561777333 30.10979807655 35.6744943314758 1.74785848085082 1.59737439979393 1.89259070505273 1.74785848085082 1.59737439979393 1.89259070505273 0.18885623579416 0.0383721547372642 0.333588459996065
"45" "AB" 4 6.31 1 0.251066922727465 0.251066922727465 112 7.68039381233424 7.62334998961515 7.75312777730446 1906.66666666667 0.86426273058319 0.778577721715082 0.927236323401705 0.468658255757934 6.10077236615167 5.27809020279558 6.88394735441 0.323656026250492 0.280011381953274 0.365204749812909 0.323656026250492 0.280011381953274 0.365204749812909 0.0725891035230272 0.0289444592258089 0.114137827085444
"46" "AB" 4 6.31 1 0.251066922727465 0.251066922727465 56 6.89303126448063 6.83584963264859 6.95301702400861 956.666666666667 0.969982034425189 0.906304855400361 1.0272278408134 0.234329127878967 6.10077236615167 5.27809020279558 6.88394735441 0.323656026250492 0.280011381953274 0.365204749812909 0.323656026250492 0.280011381953274 0.365204749812909 0.0725891035230272 0.0289444592258089 0.114137827085444
"47" "AB" 4 6.31 2 0.251066922727465 0.50213384545493 56 6.80133731029839 6.75450404306017 6.85261155829313 956.666666666667 1.06022774011242 1.01078488338271 1.10322562103172 0.234329127878967 7.72266925691333 6.528013547435 9.08660629592754 0.409700328700524 0.346321874881713 0.482059435975602 0.409700328700524 0.346321874881713 0.482059435975602 0.158633405973059 0.0952549521542482 0.230992513248137
"48" "AB" 4 6.31 2 0.251066922727465 0.50213384545493 112 7.64129278272331 7.59333419609005 7.69261818863628 1906.66666666667 0.907814224412544 0.850293844313833 0.95895772334927 0.468658255757934 7.72266925691333 6.528013547435 9.08660629592754 0.409700328700524 0.346321874881713 0.482059435975602 0.409700328700524 0.346321874881713 0.482059435975602 0.158633405973059 0.0952549521542482 0.230992513248137
"49" "FE" 2 10 1 0.795774715459477 0.795774715459477 56 6.83206080945634 6.76430810613543 6.89419175421103 956.666666666667 1.03090652918031 0.96878601530428 1.09439034844132 0.742723067762178 9.50953299227167 8.412843162225 10.6172256156683 0.504496394071833 0.446315191574987 0.563261312885169 0.504496394071833 0.446315191574987 0.563261312885169 -0.291278321387644 -0.34945952388449 -0.232513402574308
"50" "FE" 2 10 1 0.795774715459477 0.795774715459477 112 7.58708331812977 7.53263107003553 7.64893653179969 1906.66666666667 0.965444855314109 0.899433842433929 1.02027242011498 1.48544613552436 9.50953299227167 8.412843162225 10.6172256156683 0.504496394071833 0.446315191574987 0.563261312885169 0.504496394071833 0.446315191574987 0.563261312885169 -0.291278321387644 -0.34945952388449 -0.232513402574308
"51" "FE" 2 10 2 0.795774715459477 1.59154943091895 112 7.50318396682673 7.43634098092628 7.56219570193853 1906.66666666667 1.04870192172802 0.990874709876775 1.110210903693 1.48544613552436 12.7479991503233 10.90178334527 14.3129117262417 0.676302359768413 0.57835756930554 0.759323550423105 0.676302359768413 0.57835756930554 0.759323550423105 -0.119472355691063 -0.217417146153937 -0.036451165036372
"52" "FE" 2 10 2 0.795774715459477 1.59154943091895 56 6.80454308430264 6.72646752067306 6.8845517056615 956.666666666667 1.05721020845374 0.978679206146842 1.12801887365965 0.742723067762178 12.7479991503233 10.90178334527 14.3129117262417 0.676302359768413 0.57835756930554 0.759323550423105 0.676302359768413 0.57835756930554 0.759323550423105 -0.119472355691063 -0.217417146153937 -0.036451165036372
"53" "FE" 2 15.849 1 1.26122334653172 1.26122334653172 56 6.76216107464822 6.69742651123906 6.81477745094362 956.666666666667 1.09633263505696 1.04751180822233 1.15297791377745 1.17714179009628 17.5848945217333 15.22884702285 20.6572768287 0.93290762896115 0.80791542709229 1.09590257270176 0.93290762896115 0.80791542709229 1.09590257270176 -0.328315717570574 -0.453307919439434 -0.165320773829966
"54" "FE" 2 15.849 1 1.26122334653172 1.26122334653172 112 7.50629241599145 7.46265881038779 7.55012101295982 1906.66666666667 1.04574025930742 1.00298631481052 1.08648271838409 2.35428358019255 17.5848945217333 15.22884702285 20.6572768287 0.93290762896115 0.80791542709229 1.09590257270176 0.93290762896115 0.80791542709229 1.09590257270176 -0.328315717570574 -0.453307919439434 -0.165320773829966
"55" "FE" 2 15.849 2 1.26122334653172 2.52244669306345 56 6.64989660977275 6.45385996467577 6.74229429052338 956.666666666667 1.19229501952788 1.11410844081324 1.33608095386503 1.17714179009628 19.9505833939833 18.3415677291929 21.97155829355 1.05841132157318 0.973050389385281 1.16562736995007 1.05841132157318 0.973050389385281 1.16562736995007 -0.202812024958548 -0.288172957146444 -0.0955959765816541
"56" "FE" 2 15.849 2 1.26122334653172 2.52244669306345 112 7.43886767981297 7.3820666990818 7.48836780052517 1906.66666666667 1.10795983188126 1.06269261212623 1.15721643407891 2.35428358019255 19.9505833939833 18.3415677291929 21.97155829355 1.05841132157318 0.973050389385281 1.16562736995007 1.05841132157318 0.973050389385281 1.16562736995007 -0.202812024958548 -0.288172957146444 -0.0955959765816541
"57" "FE" 2 25.119 1 1.99890650776266 1.99890650776266 112 7.3877883096444 7.31501921583629 7.45024127657057 1906.66666666667 1.15238053334846 1.09775621077522 1.21187027723072 3.73129214782363 24.457442179 21.7162226544 27.9322284585992 1.29750760605736 1.15208139357732 1.48185074358606 1.29750760605736 1.15208139357732 1.48185074358606 -0.701398901705304 -0.846825114185339 -0.517055764176603
"58" "FE" 2 25.119 1 1.99890650776266 1.99890650776266 56 6.7672027328673 6.70202935022628 6.82683730952374 956.666666666667 1.09176514888189 1.03595539101527 1.14907022115504 1.86564607391182 24.457442179 21.7162226544 27.9322284585992 1.29750760605736 1.15208139357732 1.48185074358606 1.29750760605736 1.15208139357732 1.48185074358606 -0.701398901705304 -0.846825114185339 -0.517055764176603
"59" "FE" 2 25.119 2 1.99890650776266 3.99781301552532 112 7.30632059872201 7.17756641142206 7.38800802152083 1906.66666666667 1.21869618490613 1.15219428082475 1.31308545578355 3.73129214782363 28.2559653848 26.3846593517333 29.6996142296333 1.49902552094147 1.39974965254139 1.57561347085618 1.49902552094147 1.39974965254139 1.57561347085618 -0.49988098682119 -0.599156855221272 -0.42329303690648
"60" "FE" 2 25.119 2 1.99890650776266 3.99781301552532 56 6.76464779372174 6.7109215121374 6.81797925114003 956.666666666667 1.09408267183064 1.04445724389999 1.14146987410853 1.86564607391182 28.2559653848 26.3846593517333 29.6996142296333 1.49902552094147 1.39974965254139 1.57561347085618 1.49902552094147 1.39974965254139 1.57561347085618 -0.49988098682119 -0.599156855221272 -0.42329303690648
"61" "FE" 2 3.981 1 0.316797914224418 0.316797914224418 56 7.0457371672228 6.96085158224481 7.19533416859014 956.666666666667 0.800047290656188 0.60641557842594 0.89770258359844 0.295678053276123 3.19592499411333 2.74210814083221 3.69199067438667 0.169549086854691 0.145473355035324 0.195866188559273 0.169549086854691 0.145473355035324 0.195866188559273 -0.147248827369726 -0.171324559189093 -0.120931725665145
"62" "FE" 2 3.981 1 0.316797914224418 0.316797914224418 112 7.88142119755992 7.77712508833108 8.11480091393543 1906.66666666667 0.611381453016424 0.246367908022958 0.748912350442761 0.591356106552246 3.19592499411333 2.74210814083221 3.69199067438667 0.169549086854691 0.145473355035324 0.195866188559273 0.169549086854691 0.145473355035324 0.195866188559273 -0.147248827369726 -0.171324559189093 -0.120931725665145
"63" "FE" 2 3.981 2 0.316797914224418 0.633595828448835 112 7.72670598245058 7.66686937473844 7.81094400623202 1906.66666666667 0.810427276524083 0.705878339586001 0.879519536000586 0.591356106552246 4.81183315104167 4.279761579985 5.31870972065937 0.255275677107244 0.227048403569798 0.282166314304618 0.255275677107244 0.227048403569798 0.282166314304618 -0.0615222371171737 -0.0897495106546201 -0.0346315999197999
"64" "FE" 2 3.981 2 0.316797914224418 0.633595828448835 56 6.9988845831223 6.91986908393771 7.11972169950265 956.666666666667 0.854971459339327 0.707902742258319 0.94196431261795 0.295678053276123 4.81183315104167 4.279761579985 5.31870972065937 0.255275677107244 0.227048403569798 0.282166314304618 0.255275677107244 0.227048403569798 0.282166314304618 -0.0615222371171737 -0.0897495106546201 -0.0346315999197999
"65" "FE" 2 39.182 1 3.11800449011332 3.11800449011332 56 6.85071023781047 6.7917106570901 6.90646678694364 956.666666666667 1.01266391146234 0.956049821208063 1.06923119565014 2.91013752410577 39.7991890122 35.7474551072 43.9529979285908 2.11141255411343 1.89646139442217 2.33177896134769 2.11141255411343 1.89646139442217 2.33177896134769 -1.0065919359999 -1.22154309569116 -0.786225528765633
"66" "FE" 2 39.182 1 3.11800449011332 3.11800449011332 112 7.40273096453734 7.31847895415601 7.46949017118035 1906.66666666667 1.13961974559191 1.0802207878421 1.20913883231017 5.82027504821153 39.7991890122 35.7474551072 43.9529979285908 2.11141255411343 1.89646139442217 2.33177896134769 2.11141255411343 1.89646139442217 2.33177896134769 -1.0065919359999 -1.22154309569116 -0.786225528765633
"67" "FE" 2 39.182 2 3.11800449011332 6.23600898022664 56 6.7323147465335 6.64907872734935 6.7987811838258 956.666666666667 1.12290526743214 1.06262684934454 1.19295535715862 2.91013752410577 46.6581819676333 43.2897833131833 49.9581258442267 2.47529343194333 2.29659433322339 2.65036089190521 2.47529343194333 2.29659433322339 2.65036089190521 -0.642711058169995 -0.821410156889931 -0.467643598208108
"68" "FE" 2 39.182 2 3.11800449011332 6.23600898022664 112 7.2615727802183 7.14359007564485 7.33123633290406 1906.66666666667 1.25288713593823 1.19898488569861 1.33603226334479 5.82027504821153 46.6581819676333 43.2897833131833 49.9581258442267 2.47529343194333 2.29659433322339 2.65036089190521 2.47529343194333 2.29659433322339 2.65036089190521 -0.642711058169995 -0.821410156889931 -0.467643598208108
"69" "FE" 2 6.31 1 0.50213384545493 0.50213384545493 112 7.62556245025943 7.57759632249908 7.68156055509348 1906.66666666667 0.924860248469715 0.862936844013834 0.975213265752392 0.937316511515869 6.33913587922333 4.75968144347396 7.77961372614833 0.33630160336986 0.252508943090549 0.412721326620689 0.33630160336986 0.252508943090549 0.412721326620689 -0.165832242085069 -0.24962490236438 -0.0894125188342412
"70" "FE" 2 6.31 1 0.50213384545493 0.50213384545493 56 6.89853200923814 6.8247407066305 6.99200944798581 956.666666666667 0.964300556647287 0.862816685893158 1.03797449236519 0.468658255757934 6.33913587922333 4.75968144347396 7.77961372614833 0.33630160336986 0.252508943090549 0.412721326620689 0.33630160336986 0.252508943090549 0.412721326620689 -0.165832242085069 -0.24962490236438 -0.0894125188342412
"71" "FE" 2 6.31 2 0.50213384545493 1.00426769090986 112 7.64600569424231 7.58921893791821 7.71223932730838 1906.66666666667 0.902654700850953 0.827512533648056 0.963233077957776 0.937316511515869 8.767973654805 7.54831602844242 9.96047843317113 0.465155449353909 0.400450602648798 0.528419792733134 0.465155449353909 0.400450602648798 0.528419792733134 -0.0369783961010206 -0.101683242806132 0.0262859472782041
"72" "FE" 2 6.31 2 0.50213384545493 1.00426769090986 56 6.93112015190761 6.87292523256928 7.0003973788341 956.666666666667 0.9299930627949 0.853237954184143 0.990484803162377 0.468658255757934 8.767973654805 7.54831602844242 9.96047843317113 0.465155449353909 0.400450602648798 0.528419792733134 0.465155449353909 0.400450602648798 0.528419792733134 -0.0369783961010206 -0.101683242806132 0.0262859472782041
"73" "FE" 4 10 1 0.397887357729738 0.397887357729738 112 7.65339653571046 7.5980256749879 7.73155271450348 1906.66666666667 0.894514350745766 0.804647741661342 0.954062220882481 0.742723067762178 11.421673876385 10.6542978593033 12.1465329805 0.605938618603414 0.565228056493841 0.644393588425102 0.605938618603414 0.565228056493841 0.644393588425102 0.208051260873676 0.167340698764103 0.246506230695364
"74" "FE" 4 10 1 0.397887357729738 0.397887357729738 56 6.81739975552708 6.72614707321885 6.90453652684191 956.666666666667 1.04501081632325 0.958062973008008 1.12829825302611 0.371361533881089 11.421673876385 10.6542978593033 12.1465329805 0.605938618603414 0.565228056493841 0.644393588425102 0.605938618603414 0.565228056493841 0.644393588425102 0.208051260873676 0.167340698764103 0.246506230695364
"75" "FE" 4 10 2 0.397887357729738 0.795774715459477 112 7.63059954911236 7.58579155927817 7.68135740053265 1906.66666666667 0.919431000911611 0.863167820117201 0.966780388300736 0.742723067762178 14.843353079535 11.7354195579217 17.787484373665 0.787464338222101 0.622583343966846 0.943655354412877 0.787464338222101 0.622583343966846 0.943655354412877 0.389576980492362 0.224695986237108 0.545767996683138
"76" "FE" 4 10 2 0.397887357729738 0.795774715459477 56 6.84016898527194 6.78461655341007 6.89547980739222 956.666666666667 1.02301700734512 0.967456901049645 1.07581080025779 0.371361533881089 14.843353079535 11.7354195579217 17.787484373665 0.787464338222101 0.622583343966846 0.943655354412877 0.787464338222101 0.622583343966846 0.943655354412877 0.389576980492362 0.224695986237108 0.545767996683138
"77" "FE" 4 15.849 1 0.630611673265862 0.630611673265862 56 6.83213898448858 6.77594249752659 6.88674281627794 956.666666666667 1.03083076730568 0.976438925857977 1.08379260168213 0.588570895048138 16.6248535539 15.6383136723167 17.8211986983075 0.881975873760683 0.829638307523589 0.945443954886163 0.881975873760683 0.829638307523589 0.945443954886163 0.251364200494821 0.199026634257727 0.314832281620301
"78" "FE" 4 15.849 1 0.630611673265862 0.630611673265862 112 7.57100680637975 7.49979011859814 7.65057029927443 1906.66666666667 0.981943914243552 0.89763430362819 1.05192501059492 1.17714179009628 16.6248535539 15.6383136723167 17.8211986983075 0.881975873760683 0.829638307523589 0.945443954886163 0.881975873760683 0.829638307523589 0.945443954886163 0.251364200494821 0.199026634257727 0.314832281620301
"79" "FE" 4 15.849 2 0.630611673265862 1.26122334653172 56 6.80840281436096 6.7478151848566 6.86734537271723 956.666666666667 1.05356426269971 0.996102070123663 1.10920400113505 0.588570895048138 19.86643593935 16.0118773607138 23.9239054817333 1.05394716045534 0.849456476712935 1.26920260516038 1.05394716045534 0.849456476712935 1.26920260516038 0.423335487189482 0.218844803447072 0.638590931894521
"80" "FE" 4 15.849 2 0.630611673265862 1.26122334653172 112 7.47841131658127 7.42379663953588 7.52713432962042 1906.66666666667 1.07197859351079 1.02564295456009 1.12130300487604 1.17714179009628 19.86643593935 16.0118773607138 23.9239054817333 1.05394716045534 0.849456476712935 1.26920260516038 1.05394716045534 0.849456476712935 1.26920260516038 0.423335487189482 0.218844803447072 0.638590931894521
"81" "FE" 4 25.119 1 0.99945325388133 0.99945325388133 56 6.77920015105638 6.70966423600954 6.8373934933411 956.666666666667 1.08080304859673 1.02572485621317 1.1425486052673 0.932823036955908 27.2793308772 25.9859060256783 28.6466121166338 1.44721345111525 1.37859513156939 1.51974997373281 1.44721345111525 1.37859513156939 1.51974997373281 0.44776019723392 0.379141877688062 0.520296719851485
"82" "FE" 4 25.119 1 0.99945325388133 0.99945325388133 112 7.46072452899293 7.40431424857339 7.51017024505116 1906.66666666667 1.08824801003002 1.04203261900295 1.13825644030521 1.86564607391182 27.2793308772 25.9859060256783 28.6466121166338 1.44721345111525 1.37859513156939 1.51974997373281 1.44721345111525 1.37859513156939 1.51974997373281 0.44776019723392 0.379141877688062 0.520296719851485
"83" "FE" 4 25.119 2 0.99945325388133 1.99890650776266 112 7.43168487446991 7.36843655550558 7.48789314165675 1906.66666666667 1.11434422638658 1.06313740781886 1.16862576305441 1.86564607391182 29.27982297865 26.1919840095 32.10894431475 1.5533428533026 1.38952790816527 1.70343240171829 1.5533428533026 1.38952790816527 1.70343240171829 0.553889599421274 0.390074654283939 0.703979147836961
"84" "FE" 4 25.119 2 0.99945325388133 1.99890650776266 56 6.69552857380142 6.60837266310673 6.75617243526547 956.666666666667 1.15458398411278 1.1017282008532 1.2251473191926 0.932823036955908 29.27982297865 26.1919840095 32.10894431475 1.5533428533026 1.38952790816527 1.70343240171829 1.5533428533026 1.38952790816527 1.70343240171829 0.553889599421274 0.390074654283939 0.703979147836961
"85" "FE" 4 3.981 1 0.158398957112209 0.158398957112209 112 7.75229882921228 7.69414558168715 7.8432722276971 1906.66666666667 0.779589797845167 0.663358089051614 0.848536449346317 0.295678053276123 5.875900515385 4.84581303471517 7.17866753298167 0.311726204046579 0.257078365924686 0.380840140895778 0.311726204046579 0.257078365924686 0.380840140895778 0.153327246934371 0.0986794088124768 0.222441183783569
"86" "FE" 4 3.981 1 0.158398957112209 0.158398957112209 56 7.10233427641629 6.99506925493172 7.30386291201549 956.666666666667 0.730174796027405 0.446659315560648 0.859331795663137 0.147839026638062 5.875900515385 4.84581303471517 7.17866753298167 0.311726204046579 0.257078365924686 0.380840140895778 0.311726204046579 0.257078365924686 0.380840140895778 0.153327246934371 0.0986794088124768 0.222441183783569
"87" "FE" 4 3.981 2 0.158398957112209 0.316797914224418 112 7.81653545592429 7.72015004725681 8.01617043365349 1906.66666666667 0.698622055758353 0.411073488925813 0.818200529893431 0.295678053276123 7.07165941587833 5.69302463249621 8.65732171074833 0.375163183966461 0.302024337135231 0.459285181400794 0.375163183966461 0.302024337135231 0.459285181400794 0.216764226854252 0.143625380023022 0.300886224288585
"88" "FE" 4 3.981 2 0.158398957112209 0.316797914224418 56 7.02151942011286 6.95264354223138 7.12709908348967 956.666666666667 0.828758379728737 0.698335196302621 0.906713254337186 0.147839026638062 7.07165941587833 5.69302463249621 8.65732171074833 0.375163183966461 0.302024337135231 0.459285181400794 0.375163183966461 0.302024337135231 0.459285181400794 0.216764226854252 0.143625380023022 0.300886224288585
"89" "FE" 4 39.182 1 1.55900224505666 1.55900224505666 56 6.77153269841669 6.67288987077925 6.84579354476783 956.666666666667 1.08782399689722 1.01750642560661 1.17350808939962 1.45506876205288 40.1038418316833 38.1580669097663 42.8984693402333 2.12757488816264 2.02434832250686 2.27583448219142 2.12757488816264 2.02434832250686 2.27583448219142 0.568572643105983 0.4653460774502 0.716832237134757
"90" "FE" 4 39.182 1 1.55900224505666 1.55900224505666 112 7.42508558137806 7.3650999608337 7.47334745722117 1906.66666666667 1.12016968531783 1.07666608498098 1.17139509925831 2.91013752410577 40.1038418316833 38.1580669097663 42.8984693402333 2.12757488816264 2.02434832250686 2.27583448219142 2.12757488816264 2.02434832250686 2.27583448219142 0.568572643105983 0.4653460774502 0.716832237134757
"91" "FE" 4 39.182 2 1.55900224505666 3.11800449011332 112 7.29580860720357 7.20933677959635 7.35066337491845 1906.66666666667 1.22686622704323 1.1832713922697 1.29091155641855 2.91013752410577 45.9594817379667 40.0289678971833 51.4674544750833 2.43822623351303 2.12360270256784 2.73043326268887 2.43822623351303 2.12360270256784 2.73043326268887 0.879223988456369 0.564600457511178 1.17143101763221
"92" "FE" 4 39.182 2 1.55900224505666 3.11800449011332 56 6.78184041216938 6.72219339890703 6.83161344657874 956.666666666667 1.07837292195803 1.03133996866449 1.13173787378003 1.45506876205288 45.9594817379667 40.0289678971833 51.4674544750833 2.43822623351303 2.12360270256784 2.73043326268887 2.43822623351303 2.12360270256784 2.73043326268887 0.879223988456369 0.564600457511178 1.17143101763221
"93" "FE" 4 6.31 1 0.251066922727465 0.251066922727465 112 7.85088053242452 7.74857442581457 8.10162555376482 1906.66666666667 0.653149725153685 0.269321102105613 0.784126643981809 0.468658255757934 8.08578665578 7.16686120802833 9.00484846032729 0.428964305017958 0.380213795903754 0.477722048084844 0.428964305017958 0.380213795903754 0.477722048084844 0.177897382290493 0.129146873176289 0.226655125357379
"94" "FE" 4 6.31 1 0.251066922727465 0.251066922727465 56 6.87456382230044 6.80642344373751 6.95476507671382 956.666666666667 0.988829265924654 0.904391346674376 1.05543575699367 0.234329127878967 8.08578665578 7.16686120802833 9.00484846032729 0.428964305017958 0.380213795903754 0.477722048084844 0.428964305017958 0.380213795903754 0.477722048084844 0.177897382290493 0.129146873176289 0.226655125357379
"95" "FE" 4 6.31 2 0.251066922727465 0.50213384545493 56 6.92252982750175 6.8622228422965 6.99806542733275 956.666666666667 0.939145402436714 0.855909032036136 1.0012314189697 0.234329127878967 11.0847050466083 9.99945166826667 12.2149282455242 0.588061866961131 0.530487387071046 0.648022069929328 0.588061866961131 0.530487387071046 0.648022069929328 0.336994944233666 0.279420464343582 0.396955147201863
"96" "FE" 4 6.31 2 0.251066922727465 0.50213384545493 112 7.71869226351108 7.65190876856005 7.82064669211238 1906.66666666667 0.819922082820845 0.693260770456014 0.896157833117281 0.468658255757934 11.0847050466083 9.99945166826667 12.2149282455242 0.588061866961131 0.530487387071046 0.648022069929328 0.588061866961131 0.530487387071046 0.648022069929328 0.336994944233666 0.279420464343582 0.396955147201863
"97" "MC" 2 10 1 0.795774715459477 0.795774715459477 112 7.5894532278803 7.54142559417876 7.64414524934425 1906.66666666667 0.962990145417697 0.904694353395261 1.01161818309079 1.48544613552436 12.9390627952167 12.5528103803 13.3259928310833 0.686438600945056 0.665947273906666 0.706965876891358 0.686438600945056 0.665947273906666 0.706965876891358 -0.10933611451442 -0.12982744155281 -0.0888088385681189
"98" "MC" 2 10 1 0.795774715459477 0.795774715459477 56 6.90367590806144 6.82287014949678 6.99026504738756 997.777777777778 1.00185295705004 0.91157198912073 1.07933628018213 0.742723067762178 12.9390627952167 12.5528103803 13.3259928310833 0.686438600945056 0.665947273906666 0.706965876891358 0.686438600945056 0.665947273906666 0.706965876891358 -0.10933611451442 -0.12982744155281 -0.0888088385681189
"99" "MC" 2 10 2 0.795774715459477 1.59154943091895 56 6.73971362534624 6.67926598968023 6.80121908819253 997.777777777778 1.15279870710306 1.09905538672627 1.2024929420592 0.742723067762178 13.5634980554667 12.5619638284167 14.4520456387833 0.71956592038161 0.666432879411367 0.766704833734012 0.71956592038161 0.666432879411367 0.766704833734012 -0.0762087950778666 -0.129341836048109 -0.029069881725465
"100" "MC" 2 10 2 0.795774715459477 1.59154943091895 112 7.49473526121904 7.44404154130987 7.54170113642362 1906.66666666667 1.05670530242567 1.01134580462201 1.10333257954256 1.48544613552436 13.5634980554667 12.5619638284167 14.4520456387833 0.71956592038161 0.666432879411367 0.766704833734012 0.71956592038161 0.666432879411367 0.766704833734012 -0.0762087950778666 -0.129341836048109 -0.029069881725465
"101" "MC" 2 15.849 1 1.26122334653172 1.26122334653172 112 7.52201116146848 7.47310846778436 7.57112254693023 1906.66666666667 1.03062198444991 0.981826077052628 1.07688672566687 2.35428358019255 22.2335685774167 21.2591457074333 23.2323362960667 1.17952744722283 1.12783270841629 1.23251372036409 1.17952744722283 1.12783270841629 1.23251372036409 -0.0816958993088905 -0.133390638115437 -0.0287096261676363
"102" "MC" 2 15.849 1 1.26122334653172 1.26122334653172 56 6.67109952800826 6.61369086611048 6.72230100994897 997.777777777778 1.20897923181456 1.16742300424518 1.25311176076692 1.17714179009628 22.2335685774167 21.2591457074333 23.2323362960667 1.17952744722283 1.12783270841629 1.23251372036409 1.17952744722283 1.12783270841629 1.23251372036409 -0.0816958993088905 -0.133390638115437 -0.0287096261676363
"103" "MC" 2 15.849 2 1.26122334653172 2.52244669306345 112 7.44239538937264 7.39715196040673 7.48417215778612 1906.66666666667 1.10480741611821 1.06661698068134 1.14440644565981 2.35428358019255 26.8325805427333 22.7885163236875 32.6499561891833 1.42351260976247 1.2089683395484 1.73213397308078 1.42351260976247 1.2089683395484 1.73213397308078 0.162289263230749 -0.0522550069833205 0.470910626549059
"104" "MC" 2 15.849 2 1.26122334653172 2.52244669306345 56 6.61750267782796 6.52669332788442 6.7009134086938 997.777777777778 1.25025933041503 1.18504075674372 1.3153429726285 1.17714179009628 26.8325805427333 22.7885163236875 32.6499561891833 1.42351260976247 1.2089683395484 1.73213397308078 1.42351260976247 1.2089683395484 1.73213397308078 0.162289263230749 -0.0522550069833205 0.470910626549059
"105" "MC" 2 25.119 1 1.99890650776266 1.99890650776266 112 7.37803221505375 7.32496768664203 7.42118678047672 1906.66666666667 1.16060978110972 1.12359329022803 1.2039904606199 3.73129214782363 37.3413720799333 34.5895173707167 39.8088383453387 1.98102131611836 1.83503088957085 2.11192446713562 1.98102131611836 1.83503088957085 2.11192446713562 -0.0178851916442997 -0.163875618191814 0.113017959372957
"106" "MC" 2 25.119 1 1.99890650776266 1.99890650776266 56 6.50300666265888 6.36808333957624 6.61466486223956 997.777777777778 1.33136965577297 1.25238394012334 1.41576223337787 1.86564607391182 37.3413720799333 34.5895173707167 39.8088383453387 1.98102131611836 1.83503088957085 2.11192446713562 1.98102131611836 1.83503088957085 2.11192446713562 -0.0178851916442997 -0.163875618191814 0.113017959372957
"107" "MC" 2 25.119 2 1.99890650776266 3.99781301552532 112 7.43052545285201 7.38696619987066 7.47104909769508 1906.66666666667 1.11537047979137 1.07878580141199 1.15307708323694 3.73129214782363 41.6088557941 33.8966569509 49.9642107275342 2.20741835867629 1.79827350267533 2.65068370499072 2.20741835867629 1.79827350267533 2.65068370499072 0.208511850913629 -0.20063300508733 0.651777197228063
"108" "MC" 2 25.119 2 1.99890650776266 3.99781301552532 56 6.38903370615317 6.31033364808075 6.45293610971044 997.777777777778 1.40339312170249 1.36402401402104 1.44854604589593 1.86564607391182 41.6088557941 33.8966569509 49.9642107275342 2.20741835867629 1.79827350267533 2.65068370499072 2.20741835867629 1.79827350267533 2.65068370499072 0.208511850913629 -0.20063300508733 0.651777197228063
"109" "MC" 2 3.981 1 0.316797914224418 0.316797914224418 56 7.21105842404128 7.13733221110819 7.29869599324829 997.777777777778 0.642658726920564 0.518336550042244 0.739130418276761 0.295678053276123 5.794959697665 5.072624238799 6.81406568177667 0.307432160300567 0.269111074017541 0.361497411935867 0.307432160300567 0.269111074017541 0.361497411935867 -0.00936575392385097 -0.0476868402068764 0.0446994977114498
"110" "MC" 2 3.981 1 0.316797914224418 0.316797914224418 112 7.6659538438715 7.61441227710824 7.72921656376284 1906.66666666667 0.880544901002897 0.807437005386174 0.936781656467458 0.591356106552246 5.794959697665 5.072624238799 6.81406568177667 0.307432160300567 0.269111074017541 0.361497411935867 0.307432160300567 0.269111074017541 0.361497411935867 -0.00936575392385097 -0.0476868402068764 0.0446994977114498
"111" "MC" 2 3.981 2 0.316797914224418 0.633595828448835 56 7.10222972672368 7.04343574412367 7.17733676770399 997.777777777778 0.782622271294179 0.687667374735311 0.852133318376528 0.295678053276123 5.38249737762833 4.68251178565571 6.32296109687 0.285550354609571 0.248414965591054 0.335443504514871 0.285550354609571 0.248414965591054 0.335443504514871 -0.0312475596148466 -0.0683829486333632 0.0186455902904534
"112" "MC" 2 3.981 2 0.316797914224418 0.633595828448835 112 7.59913978542914 7.55667420804003 7.64808977982288 1906.66666666667 0.952896281309761 0.900365354567934 0.996431234733204 0.591356106552246 5.38249737762833 4.68251178565571 6.32296109687 0.285550354609571 0.248414965591054 0.335443504514871 0.285550354609571 0.248414965591054 0.335443504514871 -0.0312475596148466 -0.0683829486333632 0.0186455902904534
"113" "MC" 2 39.182 1 3.11800449011332 3.11800449011332 56 6.38127839154388 6.24418636945991 6.48661486685276 997.777777777778 1.40800210060054 1.34224036918394 1.48384295782308 2.91013752410577 44.8428846333667 42.7946116360667 46.9950861949521 2.37898891729997 2.27032465985932 2.49316675631877 2.37898891729997 2.27032465985932 2.49316675631877 -0.739015572813355 -0.847679830254005 -0.62483773379455
"114" "MC" 2 39.182 1 3.11800449011332 3.11800449011332 112 7.35531870089541 7.26703444454067 7.41661708748938 1906.66666666667 1.17946039052097 1.12758906314267 1.2487954928443 5.82027504821153 44.8428846333667 42.7946116360667 46.9950861949521 2.37898891729997 2.27032465985932 2.49316675631877 2.37898891729997 2.27032465985932 2.49316675631877 -0.739015572813355 -0.847679830254005 -0.62483773379455
"115" "MC" 2 39.182 2 3.11800449011332 6.23600898022664 112 7.36416153146491 7.27969884265567 7.42362638074037 1906.66666666667 1.17217232169108 1.12145259803291 1.23922144307337 5.82027504821153 52.22460325145 44.4375059569329 58.4622290909504 2.77060125282711 2.35748291057381 3.10151758133185 2.77060125282711 2.35748291057381 3.10151758133185 -0.34740323728621 -0.760521579539516 -0.0164869087814674
"116" "MC" 2 39.182 2 3.11800449011332 6.23600898022664 56 6.40885220650761 6.29127887767945 6.49678149414279 997.777777777778 1.39145132468463 1.33551906355933 1.45895439510232 2.91013752410577 52.22460325145 44.4375059569329 58.4622290909504 2.77060125282711 2.35748291057381 3.10151758133185 2.77060125282711 2.35748291057381 3.10151758133185 -0.34740323728621 -0.760521579539516 -0.0164869087814674
"117" "MC" 2 6.31 1 0.50213384545493 0.50213384545493 56 7.13531678447491 7.05541416593949 7.22588939929172 997.777777777778 0.741669049341225 0.622378012446371 0.838301007841492 0.468658255757934 9.04248828566333 8.14560759971333 10.2513908524233 0.479718902837959 0.432137904660429 0.543853175910071 0.479718902837959 0.432137904660429 0.543853175910071 -0.0224149426169704 -0.0699959407945012 0.041719330455141
"118" "MC" 2 6.31 1 0.50213384545493 0.50213384545493 112 7.58173177098809 7.53073814885018 7.63199954570019 1906.66666666667 0.970966537991012 0.917917148553176 1.02212521305807 0.937316511515869 9.04248828566333 8.14560759971333 10.2513908524233 0.479718902837959 0.432137904660429 0.543853175910071 0.479718902837959 0.432137904660429 0.543853175910071 -0.0224149426169704 -0.0699959407945012 0.041719330455141
"119" "MC" 2 6.31 2 0.50213384545493 1.00426769090986 56 6.90420855538232 6.84891244648068 6.96166759197189 997.777777777778 1.00132115508289 0.942257406980747 1.05504515668251 0.468658255757934 8.88670001512 8.05980145994167 10.1715292459567 0.471454078393723 0.427585747562997 0.539616386099261 0.471454078393723 0.427585747562997 0.539616386099261 -0.0306797670612068 -0.0745480978919328 0.037482540644331
"120" "MC" 2 6.31 2 0.50213384545493 1.00426769090986 112 7.58882323792765 7.54046059785726 7.64264320418665 1906.66666666667 0.963643245462047 0.906338316974987 1.01257150785692 0.937316511515869 8.88670001512 8.05980145994167 10.1715292459567 0.471454078393723 0.427585747562997 0.539616386099261 0.471454078393723 0.427585747562997 0.539616386099261 -0.0306797670612068 -0.0745480978919328 0.037482540644331
"121" "MC" 4 10 1 0.397887357729738 0.397887357729738 112 7.58345315756703 7.5327982985928 7.63659319907367 1906.66666666667 0.9691936481236 0.912935000642916 1.02010856798528 0.742723067762178 8.20741560177 7.46158823463833 8.9200304052705 0.435416921010413 0.39584955028634 0.473222310509601 0.435416921010413 0.39584955028634 0.473222310509601 0.0375295632806744 -0.00203780744339843 0.0753349527798625
"122" "MC" 4 10 1 0.397887357729738 0.397887357729738 56 7.03771684171524 6.97375308701656 7.10057887758586 997.777777777778 0.858679120663893 0.784630320318978 0.929396505470903 0.371361533881089 8.20741560177 7.46158823463833 8.9200304052705 0.435416921010413 0.39584955028634 0.473222310509601 0.435416921010413 0.39584955028634 0.473222310509601 0.0375295632806744 -0.00203780744339843 0.0753349527798625
"123" "MC" 4 10 2 0.397887357729738 0.795774715459477 112 7.57292055843525 7.52303358004185 7.62571320525334 1906.66666666667 0.979993741838803 0.924698153565014 1.0296303675248 0.742723067762178 8.07008660038167 7.33226244682887 8.61631795189217 0.428131391210137 0.388988604153297 0.457109864431691 0.428131391210137 0.388988604153297 0.457109864431691 0.0302440334803987 -0.00889875357644143 0.059222506701953
"124" "MC" 4 10 2 0.397887357729738 0.795774715459477 56 6.91561113820473 6.84091233183494 6.99855133725106 997.777777777778 0.989868465810317 0.902515488552793 1.06257474482101 0.371361533881089 8.07008660038167 7.33226244682887 8.61631795189217 0.428131391210137 0.388988604153297 0.457109864431691 0.428131391210137 0.388988604153297 0.457109864431691 0.0302440334803987 -0.00889875357644143 0.059222506701953
"125" "MC" 4 15.849 1 0.630611673265862 0.630611673265862 56 6.89571058023311 6.83539700373713 6.96283673000914 997.777777777778 1.00977194493148 0.941020036694239 1.06773072115004 0.588570895048138 12.4719540418333 11.9087329268504 12.9565024920604 0.661657711924239 0.631777903756486 0.687363805597959 0.661657711924239 0.631777903756486 0.687363805597959 0.0310460386583771 0.0011662304906237 0.0567521323320963
"126" "MC" 4 15.849 1 0.630611673265862 0.630611673265862 112 7.58578433265148 7.54131823826972 7.62933966277431 1906.66666666667 0.966787854966174 0.920791537790009 1.01172428602374 1.17714179009628 12.4719540418333 11.9087329268504 12.9565024920604 0.661657711924239 0.631777903756486 0.687363805597959 0.661657711924239 0.631777903756486 0.687363805597959 0.0310460386583771 0.0011662304906237 0.0567521323320963
"127" "MC" 4 15.849 2 0.630611673265862 1.26122334653172 56 6.73772013832503 6.68483851342541 6.79031111483793 997.777777777778 1.1544859096179 1.10882946197272 1.19803640950754 0.588570895048138 10.6148262636667 9.27621613741458 11.7487027589167 0.563134023308075 0.492118550486113 0.623288039666325 0.563134023308075 0.492118550486113 0.623288039666325 -0.0674776499577876 -0.138493122779749 -0.00732363359953703
"128" "MC" 4 15.849 2 0.630611673265862 1.26122334653172 112 7.53247657387966 7.48466855843811 7.57918303111594 1906.66666666667 1.02042377256788 0.973585937103945 1.06615353372383 1.17714179009628 10.6148262636667 9.27621613741458 11.7487027589167 0.563134023308075 0.492118550486113 0.623288039666325 0.563134023308075 0.492118550486113 0.623288039666325 -0.0674776499577876 -0.138493122779749 -0.00732363359953703
"129" "MC" 4 25.119 1 0.99945325388133 0.99945325388133 56 6.75717480199057 6.70426168028925 6.81032268597589 997.777777777778 1.13787566792141 1.09081610268077 1.18230747853272 0.932823036955908 16.6119051437 15.5938409781875 17.6797095788333 0.881288939264512 0.827278957822499 0.937937723966819 0.881288939264512 0.827278957822499 0.937937723966819 -0.118164314616817 -0.172174296058831 -0.0615155299145111
"130" "MC" 4 25.119 1 0.99945325388133 0.99945325388133 112 7.55628560006324 7.50351384502148 7.60520878602897 1906.66666666667 0.996821153792904 0.946522085278104 1.04838805746965 1.86564607391182 16.6119051437 15.5938409781875 17.6797095788333 0.881288939264512 0.827278957822499 0.937937723966819 0.881288939264512 0.827278957822499 0.937937723966819 -0.118164314616817 -0.172174296058831 -0.0615155299145111
"131" "MC" 4 25.119 2 0.99945325388133 1.99890650776266 112 7.47666882724357 7.43408482594382 7.52180611005868 1906.66666666667 1.07359425287334 1.03082073640075 1.11221614288018 1.86564607391182 16.5560611311667 14.6113859543333 18.63471972625 0.87832632238559 0.775158100018547 0.988602585854913 0.87832632238559 0.775158100018547 0.988602585854913 -0.121126931495739 -0.224295153862783 -0.010850668026417
"132" "MC" 4 25.119 2 0.99945325388133 1.99890650776266 56 6.63941078025903 6.57647271282528 6.69864978235277 997.777777777778 1.23365268924294 1.18688343360086 1.28039862860587 0.932823036955908 16.5560611311667 14.6113859543333 18.63471972625 0.87832632238559 0.775158100018547 0.988602585854913 0.87832632238559 0.775158100018547 0.988602585854913 -0.121126931495739 -0.224295153862783 -0.010850668026417
"133" "MC" 4 3.981 1 0.158398957112209 0.158398957112209 56 7.21663386619998 7.15159834948194 7.2984641181075 997.777777777778 0.635069813046501 0.518680071134763 0.721013758224653 0.147839026638062 3.36599175879333 2.67665338763933 4.198938778604 0.178571408939514 0.142000872528822 0.222760620785024 0.178571408939514 0.142000872528822 0.222760620785024 0.0201724518273051 -0.0163980845833865 0.0643616636728152
"134" "MC" 4 3.981 1 0.158398957112209 0.158398957112209 112 7.673253894463 7.62099568181414 7.72857318009338 1906.66666666667 0.872342921135414 0.80820403416835 0.929758968587336 0.295678053276123 3.36599175879333 2.67665338763933 4.198938778604 0.178571408939514 0.142000872528822 0.222760620785024 0.178571408939514 0.142000872528822 0.222760620785024 0.0201724518273051 -0.0163980845833865 0.0643616636728152
"135" "MC" 4 3.981 2 0.158398957112209 0.316797914224418 112 7.6901219478814 7.62959777623287 7.76942763583897 1906.66666666667 0.853160208619683 0.758505569148992 0.920512943608415 0.295678053276123 3.96988285111167 3.78137671117 4.13497496547879 0.210608826416723 0.20060826509176 0.21936723510573 0.210608826416723 0.20060826509176 0.21936723510573 0.052209869304514 0.0422093079795511 0.0609682779935208
"136" "MC" 4 3.981 2 0.158398957112209 0.316797914224418 56 7.22393677734419 7.11704219921924 7.37470584763204 997.777777777778 0.62506536283115 0.401324836117887 0.764455683287139 0.147839026638062 3.96988285111167 3.78137671117 4.13497496547879 0.210608826416723 0.20060826509176 0.21936723510573 0.210608826416723 0.20060826509176 0.21936723510573 0.052209869304514 0.0422093079795511 0.0609682779935208
"137" "MC" 4 39.182 1 1.55900224505666 1.55900224505666 112 7.42566638125835 7.38148931795277 7.46621257856299 1906.66666666667 1.11965853155173 1.08323051437438 1.15770290095382 2.91013752410577 29.5936791947167 26.4791573623167 32.7909960121433 1.56999344270498 1.40476292770695 1.73961636807975 1.56999344270498 1.40476292770695 1.73961636807975 0.0109911976483186 -0.154239317349711 0.180614123023085
"138" "MC" 4 39.182 1 1.55900224505666 1.55900224505666 56 6.58423188148612 6.50417117749291 6.66193039264408 997.777777777778 1.2747934023705 1.2161990579497 1.33059057227953 1.45506876205288 29.5936791947167 26.4791573623167 32.7909960121433 1.56999344270498 1.40476292770695 1.73961636807975 1.56999344270498 1.40476292770695 1.73961636807975 0.0109911976483186 -0.154239317349711 0.180614123023085
"139" "MC" 4 39.182 2 1.55900224505666 3.11800449011332 56 6.48805673013148 6.35742348110889 6.58396434803339 997.777777777778 1.34129128566613 1.27498739344479 1.42195704869313 1.45506876205288 27.1698534269333 25.3389308625167 29.1438038005667 1.4414054919929 1.34427203314444 1.54612681178685 1.4414054919929 1.34427203314444 1.54612681178685 -0.117596753063757 -0.214730211912224 -0.0128754332698104
"140" "MC" 4 39.182 2 1.55900224505666 3.11800449011332 112 7.41139660178518 7.36094587858103 7.45925906192114 1906.66666666667 1.13213160451391 1.0895831739906 1.17483005269184 2.91013752410577 27.1698534269333 25.3389308625167 29.1438038005667 1.4414054919929 1.34427203314444 1.54612681178685 1.4414054919929 1.34427203314444 1.54612681178685 -0.117596753063757 -0.214730211912224 -0.0128754332698104
"141" "MC" 4 6.31 1 0.251066922727465 0.251066922727465 112 7.60773927781839 7.55753228668087 7.65963077434971 1906.66666666667 0.943852892303435 0.887600961929352 0.995569724242102 0.468658255757934 5.32753381473833 4.70382676911742 5.853703330185 0.282634447034943 0.249545760584339 0.310548606797477 0.282634447034943 0.249545760584339 0.310548606797477 0.0315675243074776 -0.00152116214312609 0.0594816840700124
"142" "MC" 4 6.31 1 0.251066922727465 0.251066922727465 56 7.14189029258321 7.07464825227557 7.22094413210771 997.777777777778 0.733370154090144 0.629173903654668 0.81574051945599 0.234329127878967 5.32753381473833 4.70382676911742 5.853703330185 0.282634447034943 0.249545760584339 0.310548606797477 0.282634447034943 0.249545760584339 0.310548606797477 0.0315675243074776 -0.00152116214312609 0.0594816840700124
"143" "MC" 4 6.31 2 0.251066922727465 0.50213384545493 112 7.59301284907453 7.55235963028026 7.63096234641832 1906.66666666667 0.959292205432612 0.919038902267975 1.00075188261997 0.468658255757934 5.69355776432 4.62898901772 6.99887041289437 0.302052620656923 0.245575494562745 0.371301607423918 0.302052620656923 0.245575494562745 0.371301607423918 0.050985697929458 -0.00549142816471987 0.120234684696453
"144" "MC" 4 6.31 2 0.251066922727465 0.50213384545493 56 7.08662091676847 6.98960431532273 7.20685584071077 997.777777777778 0.801476559608283 0.648351097020698 0.912290910874302 0.234329127878967 5.69355776432 4.62898901772 6.99887041289437 0.302052620656923 0.245575494562745 0.371301607423918 0.302052620656923 0.245575494562745 0.371301607423918 0.050985697929458 -0.00549142816471987 0.120234684696453
"145" "SY" 2 10 1 0.795774715459477 0.795774715459477 112 7.58648393740366 7.51630545323862 7.67283226180868 1906.66666666667 0.966064761929329 0.872818277962714 1.03613722343642 1.48544613552436 17.0961267208333 15.3934552159667 19.0244074303833 0.90697769178202 0.816648162961605 1.00927616064656 0.90697769178202 0.816648162961605 1.00927616064656 0.111202976322543 0.0208734475021281 0.213501445187086
"146" "SY" 2 10 1 0.795774715459477 0.795774715459477 56 6.80739095453732 6.71747490919054 6.89174852207052 986.666666666667 1.08326909761223 1.00258040160497 1.16210069721341 0.742723067762178 17.0961267208333 15.3934552159667 19.0244074303833 0.90697769178202 0.816648162961605 1.00927616064656 0.90697769178202 0.816648162961605 1.00927616064656 0.111202976322543 0.0208734475021281 0.213501445187086
"147" "SY" 2 10 2 0.795774715459477 1.59154943091895 112 7.62665550382647 7.57340977488593 7.69525235752516 1906.66666666667 0.923684420624892 0.847261331805622 0.979494615917154 1.48544613552436 15.5802337346667 14.2705157347117 17.3882209509708 0.826557071133101 0.757074373216678 0.922473771973688 0.826557071133101 0.757074373216678 0.922473771973688 0.0307823556736238 -0.0387003422427992 0.126699056514211
"148" "SY" 2 10 2 0.795774715459477 1.59154943091895 56 6.88355626116803 6.81577956563883 6.96081146864402 986.666666666667 1.01071814441574 0.931261255240683 1.07554665358237 0.742723067762178 15.5802337346667 14.2705157347117 17.3882209509708 0.826557071133101 0.757074373216678 0.922473771973688 0.826557071133101 0.757074373216678 0.922473771973688 0.0307823556736238 -0.0387003422427992 0.126699056514211
"149" "SY" 2 15.849 1 1.26122334653172 1.26122334653172 112 7.59481652301595 7.52683897886508 7.68166193530552 1906.66666666667 0.957413414048738 0.862821562466436 1.02593068915602 2.35428358019255 24.1195285795333 22.7726474331546 25.4890613191833 1.27958073282632 1.2081264687585 1.35223670124015 1.27958073282632 1.2081264687585 1.35223670124015 0.0183573862945992 -0.0530968777732199 0.0910133547084269
"150" "SY" 2 15.849 1 1.26122334653172 1.26122334653172 56 6.92603852669091 6.85054974838958 7.01178827168366 986.666666666667 0.967785733546858 0.875367840301227 1.04283789222549 1.17714179009628 24.1195285795333 22.7726474331546 25.4890613191833 1.27958073282632 1.2081264687585 1.35223670124015 1.27958073282632 1.2081264687585 1.35223670124015 0.0183573862945992 -0.0530968777732199 0.0910133547084269
"151" "SY" 2 15.849 2 1.26122334653172 2.52244669306345 112 7.60300684755047 7.54270659151447 7.67404180677971 1906.66666666667 0.948839226797015 0.871454076113961 1.01035125732564 2.35428358019255 25.2011958075 20.7356717811221 29.3558196460446 1.33696496153012 1.1000615540989 1.55737460172739 1.33696496153012 1.1000615540989 1.55737460172739 0.0757416149984 -0.161161792432823 0.296151255195665
"152" "SY" 2 15.849 2 1.26122334653172 2.52244669306345 56 6.84576599104316 6.76968826090564 6.91988758839916 986.666666666667 1.04740578892448 0.974115333358563 1.11718887059808 1.17714179009628 25.2011958075 20.7356717811221 29.3558196460446 1.33696496153012 1.1000615540989 1.55737460172739 1.33696496153012 1.1000615540989 1.55737460172739 0.0757416149984 -0.161161792432823 0.296151255195665
"153" "SY" 2 25.119 1 1.99890650776266 1.99890650776266 112 7.59930766896238 7.53540434424408 7.67731635050993 1906.66666666667 0.952720475080721 0.867752546031091 1.01755159583421 3.73129214782363 41.79191609475 36.4216960242883 46.9902999065454 2.21713000925373 1.93223098601864 2.49291283583244 2.21713000925373 1.93223098601864 2.49291283583244 0.218223501491074 -0.0666755217440191 0.494006328069784
"154" "SY" 2 25.119 1 1.99890650776266 1.99890650776266 56 6.84089975756358 6.76045859816631 6.91602080439476 986.666666666667 1.05203007421557 0.978074548130531 1.12529943313068 1.86564607391182 41.79191609475 36.4216960242883 46.9902999065454 2.21713000925373 1.93223098601864 2.49291283583244 2.21713000925373 1.93223098601864 2.49291283583244 0.218223501491074 -0.0666755217440191 0.494006328069784
"155" "SY" 2 25.119 2 1.99890650776266 3.99781301552532 112 7.57420531903525 7.51901313695505 7.63385080263938 1906.66666666667 0.978682435809772 0.915912079789565 1.03352385139565 3.73129214782363 50.9043671675 45.1603332436333 56.6484783346854 2.70056055322414 2.39583008913383 3.00529511519977 2.70056055322414 2.39583008913383 3.00529511519977 0.701654045461477 0.396923581371172 1.00638860743712
"156" "SY" 2 25.119 2 1.99890650776266 3.99781301552532 56 6.82395230601442 6.73852606002383 6.92144550438358 986.666666666667 1.06796037828979 0.97251584562799 1.14427498501449 1.86564607391182 50.9043671675 45.1603332436333 56.6484783346854 2.70056055322414 2.39583008913383 3.00529511519977 2.70056055322414 2.39583008913383 3.00529511519977 0.701654045461477 0.396923581371172 1.00638860743712
"157" "SY" 2 3.981 1 0.316797914224418 0.316797914224418 112 7.63781097670836 7.58669935947643 7.69575567146817 1906.66666666667 0.911610390822843 0.846680996328062 0.965842005464767 0.591356106552246 7.692251296274 6.678002712684 8.969884134564 0.408086605769016 0.354279047234915 0.475867132992476 0.408086605769016 0.354279047234915 0.475867132992476 0.0912886915445978 0.0374811330104973 0.159069218768059
"158" "SY" 2 3.981 1 0.316797914224418 0.316797914224418 56 7.0808592638577 6.98493315090519 7.19708162873041 986.666666666667 0.794942835534694 0.646424824511308 0.905168037864729 0.295678053276123 7.692251296274 6.678002712684 8.969884134564 0.408086605769016 0.354279047234915 0.475867132992476 0.408086605769016 0.354279047234915 0.475867132992476 0.0912886915445978 0.0374811330104973 0.159069218768059
"159" "SY" 2 3.981 2 0.316797914224418 0.633595828448835 112 7.70634842015789 7.64787156014761 7.78875145958823 1906.66666666667 0.834399244046035 0.734281855976623 0.900605290302869 0.591356106552246 6.86301777814333 6.13974627991117 7.49982871363604 0.364094401306356 0.325723656592646 0.397878270705902 0.364094401306356 0.325723656592646 0.397878270705902 0.0472964870819384 0.0089257423682283 0.0810803564814847
"160" "SY" 2 3.981 2 0.316797914224418 0.633595828448835 56 7.06285893833491 6.98639105674061 7.1456323994119 986.666666666667 0.81644019657374 0.714304083821772 0.903570711865811 0.295678053276123 6.86301777814333 6.13974627991117 7.49982871363604 0.364094401306356 0.325723656592646 0.397878270705902 0.364094401306356 0.325723656592646 0.397878270705902 0.0472964870819384 0.0089257423682283 0.0810803564814847
"161" "SY" 2 39.182 1 3.11800449011332 3.11800449011332 56 6.81723474870559 6.74205787814646 6.89168017560368 986.666666666667 1.07420042546003 1.00264856938094 1.14124737656452 2.91013752410577 65.0390689688833 60.3568692808667 69.6738332875167 3.45042977349749 3.20203136520043 3.69631165728964 3.45042977349749 3.20203136520043 3.69631165728964 0.332425283384172 0.0840268750871118 0.578307167176318
"162" "SY" 2 39.182 1 3.11800449011332 3.11800449011332 112 7.57596578788166 7.5105125912714 7.65500207869907 1906.66666666667 0.976882854467061 0.892738020406815 1.0417046063472 5.82027504821153 65.0390689688833 60.3568692808667 69.6738332875167 3.45042977349749 3.20203136520043 3.69631165728964 3.45042977349749 3.20203136520043 3.69631165728964 0.332425283384172 0.0840268750871118 0.578307167176318
"163" "SY" 2 39.182 2 3.11800449011332 6.23600898022664 112 7.63158089045235 7.5574252475425 7.72497758642126 1906.66666666667 0.918370073401223 0.812481553482446 0.995677231839509 5.82027504821153 81.29541352994 71.9030459231 88.54063650886 4.31285563799657 3.81457506067497 4.6972266549626 4.31285563799657 3.81457506067497 4.6972266549626 1.19485114788324 0.69657057056165 1.57922216484928
"164" "SY" 2 39.182 2 3.11800449011332 6.23600898022664 56 6.74453385643643 6.66003888598873 6.82852218397225 986.666666666667 1.13911848926065 1.06369132386736 1.20887031397443 2.91013752410577 81.29541352994 71.9030459231 88.54063650886 4.31285563799657 3.81457506067497 4.6972266549626 4.31285563799657 3.81457506067497 4.6972266549626 1.19485114788324 0.69657057056165 1.57922216484928
"165" "SY" 2 6.31 1 0.50213384545493 0.50213384545493 112 7.60025140369828 7.5391945884057 7.67281929438296 1906.66666666667 0.951731654496084 0.872832894513201 1.01382081067926 0.937316511515869 10.6413957623667 10.0191855582 11.2795988134192 0.564543578992601 0.531534302447487 0.598401302416379 0.564543578992601 0.531534302447487 0.598401302416379 0.0624097335376712 0.0294004569925571 0.0962674569614494
"166" "SY" 2 6.31 1 0.50213384545493 0.50213384545493 56 6.90877769606164 6.83717882076996 6.97989116388115 986.666666666667 0.985449723047958 0.910674273562061 1.05555085602617 0.468658255757934 10.6413957623667 10.0191855582 11.2795988134192 0.564543578992601 0.531534302447487 0.598401302416379 0.564543578992601 0.531534302447487 0.598401302416379 0.0624097335376712 0.0294004569925571 0.0962674569614494
"167" "SY" 2 6.31 2 0.50213384545493 1.00426769090986 112 7.6219413730824 7.56160605677447 7.69127538471891 1906.66666666667 0.928746372262706 0.851836638176872 0.991469560331443 0.937316511515869 10.88726576796 9.77953057919896 11.9191463191483 0.577587387908671 0.51882021093262 0.632330351376009 0.577587387908671 0.51882021093262 0.632330351376009 0.0754535424537415 0.0166863654776904 0.130196505921079
"168" "SY" 2 6.31 2 0.50213384545493 1.00426769090986 56 7.04215266798038 6.95775263316076 7.14888253166305 986.666666666667 0.840695322636856 0.710118604062452 0.934525356516046 0.468658255757934 10.88726576796 9.77953057919896 11.9191463191483 0.577587387908671 0.51882021093262 0.632330351376009 0.577587387908671 0.51882021093262 0.632330351376009 0.0754535424537415 0.0166863654776904 0.130196505921079
"169" "SY" 4 10 1 0.397887357729738 0.397887357729738 112 7.62889857698972 7.55703715315175 7.73274394666511 1906.66666666667 0.921267456333128 0.803222951147079 0.99606692824794 0.742723067762178 7.13001631073333 6.549833774545 7.75019134451958 0.378259113393016 0.347479473883028 0.411160420796105 0.378259113393016 0.347479473883028 0.411160420796105 -0.0196282443367219 -0.0504078838467105 0.0132730630663663
"170" "SY" 4 10 1 0.397887357729738 0.397887357729738 56 6.83263872648143 6.74361805443699 6.92874538308502 986.666666666667 1.05982902519619 0.964987892791374 1.13990652537187 0.371361533881089 7.13001631073333 6.549833774545 7.75019134451958 0.378259113393016 0.347479473883028 0.411160420796105 0.378259113393016 0.347479473883028 0.411160420796105 -0.0196282443367219 -0.0504078838467105 0.0132730630663663
"171" "SY" 4 10 2 0.397887357729738 0.795774715459477 112 7.58163821669646 7.51574694065107 7.65109247954892 1906.66666666667 0.971062803984496 0.897058519687844 1.03667540262589 0.742723067762178 6.931644144525 6.70624083550625 7.23819203065783 0.367735143118382 0.355777126178514 0.383998013575853 0.367735143118382 0.355777126178514 0.383998013575853 -0.0301522146113564 -0.0421102315512245 -0.0138893441538858
"172" "SY" 4 10 2 0.397887357729738 0.795774715459477 56 6.8312534126375 6.75053628669687 6.90493429748157 986.666666666667 1.06113055534124 0.989341560409946 1.13393556853117 0.371361533881089 6.931644144525 6.70624083550625 7.23819203065783 0.367735143118382 0.355777126178514 0.383998013575853 0.367735143118382 0.355777126178514 0.383998013575853 -0.0301522146113564 -0.0421102315512245 -0.0138893441538858
"173" "SY" 4 15.849 1 0.630611673265862 0.630611673265862 112 7.57814948341714 7.51458570223491 7.6525442840329 1906.66666666667 0.974646236967036 0.895456101383573 1.03779340289752 1.17714179009628 11.2711407863583 10.3102491807417 11.96045363931 0.597952590144534 0.546975707208067 0.634521772772545 0.597952590144534 0.546975707208067 0.634521772772545 -0.0326590831213286 -0.0836359660577956 0.00391009950668297
"174" "SY" 4 15.849 1 0.630611673265862 0.630611673265862 56 6.82437102059502 6.74808602099362 6.9102178052706 986.666666666667 1.0675700379956 0.983987607300683 1.13605505878685 0.588570895048138 11.2711407863583 10.3102491807417 11.96045363931 0.597952590144534 0.546975707208067 0.634521772772545 0.597952590144534 0.546975707208067 0.634521772772545 -0.0326590831213286 -0.0836359660577956 0.00391009950668297
"175" "SY" 4 15.849 2 0.630611673265862 1.26122334653172 56 6.83795479883716 6.76495189680653 6.91992483264781 986.666666666667 1.05481769978507 0.974077124343427 1.12136029903753 0.588570895048138 10.6320622272717 9.16500419865167 12.2090226072691 0.564048419576971 0.486218573891129 0.647708766089191 0.564048419576971 0.486218573891129 0.647708766089191 -0.0665632536888916 -0.144393099374733 0.0170970928233292
"176" "SY" 4 15.849 2 0.630611673265862 1.26122334653172 112 7.60006012622708 7.54140143598821 7.67288483587672 1906.66666666667 0.951932145439034 0.872759015876353 1.01164206031864 1.17714179009628 10.6320622272717 9.16500419865167 12.2090226072691 0.564048419576971 0.486218573891129 0.647708766089191 0.564048419576971 0.486218573891129 0.647708766089191 -0.0665632536888916 -0.144393099374733 0.0170970928233292
"177" "SY" 4 25.119 1 0.99945325388133 0.99945325388133 112 7.62343775605409 7.54209200902366 7.7285835772038 1906.66666666667 0.927142166622135 0.808191642869681 1.01095929125231 1.86564607391182 17.40830204695 16.22916993057 18.2866522136542 0.923539107202951 0.860984205576189 0.970137030801804 0.923539107202951 0.860984205576189 0.970137030801804 -0.075914146678379 -0.138469048305141 -0.0293162230795261
"178" "SY" 4 25.119 1 0.99945325388133 0.99945325388133 56 6.89544468458922 6.8217890256427 6.96280714383265 986.666666666667 0.998886955085545 0.929126270184881 1.06997446200976 0.932823036955908 17.40830204695 16.22916993057 18.2866522136542 0.923539107202951 0.860984205576189 0.970137030801804 0.923539107202951 0.860984205576189 0.970137030801804 -0.075914146678379 -0.138469048305141 -0.0293162230795261
"179" "SY" 4 25.119 2 0.99945325388133 1.99890650776266 56 6.86808742787236 6.79565152243178 6.94347751724926 986.666666666667 1.02590342840945 0.949627084642516 1.09396807496837 0.932823036955908 17.0032002598333 14.8543284484188 18.8099258802667 0.902047789911292 0.78804659962547 0.997897561012204 0.902047789911292 0.78804659962547 0.997897561012204 -0.0974054639700382 -0.21140665425586 -0.00155569286912627
"180" "SY" 4 25.119 2 0.99945325388133 1.99890650776266 112 7.63998215352433 7.57367017570318 7.72886725439262 1906.66666666667 0.909244737339958 0.807853506066742 0.979228840878623 1.86564607391182 17.0032002598333 14.8543284484188 18.8099258802667 0.902047789911292 0.78804659962547 0.997897561012204 0.902047789911292 0.78804659962547 0.997897561012204 -0.0974054639700382 -0.21140665425586 -0.00155569286912627
"181" "SY" 4 3.981 1 0.158398957112209 0.158398957112209 56 7.15970407351664 7.09107478970805 7.24623434917894 986.666666666667 0.696084299098775 0.578230687777693 0.782569450204996 0.147839026638062 3.24540330851667 3.00672349055188 3.45033442206267 0.172173992959073 0.15951163534395 0.18304592619713 0.172173992959073 0.15951163534395 0.18304592619713 0.0137750358468642 0.00111267823174072 0.0246469690849216
"182" "SY" 4 3.981 1 0.158398957112209 0.158398957112209 112 7.68197572100969 7.61092392860546 7.78411171892663 1906.66666666667 0.862464676139671 0.740140857281631 0.940484071173426 0.295678053276123 3.24540330851667 3.00672349055188 3.45033442206267 0.172173992959073 0.15951163534395 0.18304592619713 0.172173992959073 0.15951163534395 0.18304592619713 0.0137750358468642 0.00111267823174072 0.0246469690849216
"183" "SY" 4 3.981 2 0.158398957112209 0.316797914224418 112 7.63464515079229 7.57640273028965 7.70747851714812 1906.66666666667 0.915050594438201 0.833081257553907 0.976435713517525 0.295678053276123 3.14003796253 2.94534808663567 3.29049282090167 0.166584187744284 0.156255569038107 0.174566065884965 0.166584187744284 0.156255569038107 0.174566065884965 0.00818523063207555 -0.00214338807410136 0.0161671087727562
"184" "SY" 4 3.981 2 0.158398957112209 0.316797914224418 56 7.10114868167336 7.0201256488262 7.20394916307554 986.666666666667 0.770243203976837 0.637097107958283 0.865952161347661 0.147839026638062 3.14003796253 2.94534808663567 3.29049282090167 0.166584187744284 0.156255569038107 0.174566065884965 0.166584187744284 0.156255569038107 0.174566065884965 0.00818523063207555 -0.00214338807410136 0.0161671087727562
"185" "SY" 4 39.182 1 1.55900224505666 1.55900224505666 112 7.61952554767876 7.54569570489784 7.72307465049248 1906.66666666667 0.931331210474294 0.814739176263399 1.00738865945947 2.91013752410577 28.3371572491667 27.0980817860929 30.0627107015571 1.50333288312574 1.43759788818838 1.59487633696481 1.50333288312574 1.43759788818838 1.59487633696481 -0.0556693619309243 -0.121404356868279 0.0358740919081488
"186" "SY" 4 39.182 1 1.55900224505666 1.55900224505666 56 6.83149858638789 6.74872170371472 6.91349383003084 986.666666666667 1.06090034097826 0.980653667492552 1.1355056893219 1.45506876205288 28.3371572491667 27.0980817860929 30.0627107015571 1.50333288312574 1.43759788818838 1.59487633696481 1.50333288312574 1.43759788818838 1.59487633696481 -0.0556693619309243 -0.121404356868279 0.0358740919081488
"187" "SY" 4 39.182 2 1.55900224505666 3.11800449011332 112 7.64866869503286 7.57555386430859 7.7462585203783 1906.66666666667 0.899728575043377 0.786939233593949 0.97730421374745 2.91013752410577 27.2727357630333 24.1513163176921 31.4969801901167 1.44686356944196 1.28126712471222 1.67096669657486 1.44686356944196 1.28126712471222 1.67096669657486 -0.112138675614705 -0.277735120344445 0.111964451518197
"188" "SY" 4 39.182 2 1.55900224505666 3.11800449011332 56 6.83704805792431 6.76046116482936 6.91617712579295 986.666666666667 1.05567434680963 0.977914786828312 1.12529718806617 1.45506876205288 27.2727357630333 24.1513163176921 31.4969801901167 1.44686356944196 1.28126712471222 1.67096669657486 1.44686356944196 1.28126712471222 1.67096669657486 -0.112138675614705 -0.277735120344445 0.111964451518197
"189" "SY" 4 6.31 1 0.251066922727465 0.251066922727465 112 7.62960203006197 7.56707366640864 7.7122593567463 1906.66666666667 0.920508351645188 0.827489049147956 0.985940207185767 0.468658255757934 4.81272979997833 4.45103480782667 5.15485458411633 0.25532324581074 0.236134730513233 0.273473529327344 0.25532324581074 0.236134730513233 0.273473529327344 0.00425632308327528 -0.0149321922142321 0.0224066065998788
"190" "SY" 4 6.31 1 0.251066922727465 0.251066922727465 56 7.04327782619108 6.95271978160073 7.15206428313487 986.666666666667 0.839390187356276 0.706007986017783 0.939874260826516 0.234329127878967 4.81272979997833 4.45103480782667 5.15485458411633 0.25532324581074 0.236134730513233 0.273473529327344 0.25532324581074 0.236134730513233 0.273473529327344 0.00425632308327528 -0.0149321922142321 0.0224066065998788
"191" "SY" 4 6.31 2 0.251066922727465 0.50213384545493 112 7.58676193383401 7.53379108247606 7.64588177301643 1906.66666666667 0.965777291667936 0.902790676800308 1.01913526450417 0.468658255757934 5.4926482714 4.02682599292004 7.13116677757521 0.291394041019488 0.213629753914718 0.378320147554599 0.291394041019488 0.213629753914718 0.378320147554599 0.0403271182920232 -0.0374371688127468 0.127253224827134
"192" "SY" 4 6.31 2 0.251066922727465 0.50213384545493 56 6.90848387020766 6.83535864694931 6.9849968172711 986.666666666667 0.985747780358871 0.905098331673475 1.05726835408628 0.234329127878967 5.4926482714 4.02682599292004 7.13116677757521 0.291394041019488 0.213629753914718 0.378320147554599 0.291394041019488 0.213629753914718 0.378320147554599 0.0403271182920232 -0.0374371688127468 0.127253224827134
