"subject" "radius" "number" "durationTest" "speedMatch" "pse"
"1" "AB" 2 1 56 4.94796232496649 0.940968867628942
"2" "AB" 2 1 56 7.36779560647782 0.985854560664749
"3" "AB" 2 1 56 13.0706377281482 1.0523602523959
"4" "AB" 2 1 56 21.983668118443 1.12098620664394
"5" "AB" 2 1 56 35.4227991719645 1.14634817652974
"6" "AB" 2 1 56 50.6713055485579 1.21232581614245
"7" "AB" 2 1 56 6.01690089865665 0.96079670000871
"8" "AB" 2 1 56 9.28422893381118 1.00820371944763
"9" "AB" 2 1 56 13.2218567334743 1.05352456442969
"10" "AB" 2 1 56 24.2081940952454 1.12518427276958
"11" "AB" 2 1 56 32.7271308550138 1.14126098313871
"12" "AB" 2 1 112 4.94796232496649 0.881334115878951
"13" "AB" 2 1 112 7.36779560647782 0.97787009675947
"14" "AB" 2 1 112 13.0706377281482 1.09478565075991
"15" "AB" 2 1 112 21.983668118443 1.15606087895311
"16" "AB" 2 1 112 35.4227991719645 1.24236741413691
"17" "AB" 2 1 112 50.6713055485579 1.10678788777426
"18" "AB" 2 1 112 6.01690089865665 0.923977976718717
"19" "AB" 2 1 112 9.28422893381118 1.01715942993576
"20" "AB" 2 1 112 13.2218567334743 1.09582524993693
"21" "AB" 2 1 112 24.2081940952454 1.17034685687233
"22" "AB" 2 1 112 32.7271308550138 1.22505574483968
"23" "AB" 2 2 56 5.1927872837084 1.03019365133262
"24" "AB" 2 2 56 11.42507822732 1.10154104752569
"25" "AB" 2 2 56 15.4435040064337 1.15501409493172
"26" "AB" 2 2 56 25.1740189959826 1.21289208772005
"27" "AB" 2 2 56 44.0660623449028 1.24588996197978
"28" "AB" 2 2 56 58.4370787211717 1.20319819143944
"29" "AB" 2 2 56 5.25775709382226 1.0309374270685
"30" "AB" 2 2 56 7.54338467319236 1.05710333907912
"31" "AB" 2 2 56 10.6411956689465 1.09256714371293
"32" "AB" 2 2 56 15.2255952017002 1.15211439029956
"33" "AB" 2 2 56 20.7992290517128 1.1868704371582
"34" "AB" 2 2 56 32.7596784249062 1.22614161459175
"35" "AB" 2 2 112 5.1927872837084 0.924750428140408
"36" "AB" 2 2 112 11.42507822732 0.993501966965055
"37" "AB" 2 2 112 15.4435040064337 1.06670326334703
"38" "AB" 2 2 112 25.1740189959826 1.13181150633574
"39" "AB" 2 2 112 44.0660623449028 1.11907524702927
"40" "AB" 2 2 112 58.4370787211717 1.07097964450039
"41" "AB" 2 2 112 5.25775709382226 0.925467142822519
"42" "AB" 2 2 112 7.54338467319236 0.950681051268629
"43" "AB" 2 2 112 10.6411956689465 0.984854563845786
"44" "AB" 2 2 112 15.2255952017002 1.0627337469552
"45" "AB" 2 2 112 20.7992290517128 1.10253917213534
"46" "AB" 2 2 112 32.7596784249062 1.12669755843117
"47" "AB" 4 1 56 4.94796232496649 0.949658140437184
"48" "AB" 4 1 56 7.36779560647782 0.966111593225455
"49" "AB" 4 1 56 13.0706377281482 1.02033722333795
"50" "AB" 4 1 56 21.983668118443 1.05400021426791
"51" "AB" 4 1 56 3.63192356335342 0.924636092460383
"52" "AB" 4 1 56 6.01690089865665 0.969982034425189
"53" "AB" 4 1 56 9.28422893381118 0.960620830352737
"54" "AB" 4 1 56 13.2218567334743 1.02272213580762
"55" "AB" 4 1 56 24.2081940952454 1.06194136878292
"56" "AB" 4 1 56 32.7271308550138 1.10855990992586
"57" "AB" 4 1 112 4.94796232496649 0.839565205961265
"58" "AB" 4 1 112 7.36779560647782 0.872027410822008
"59" "AB" 4 1 112 13.0706377281482 1.01956469187881
"60" "AB" 4 1 112 21.983668118443 1.10025897753437
"61" "AB" 4 1 112 3.63192356335342 0.809158501106242
"62" "AB" 4 1 112 6.01690089865665 0.86426273058319
"63" "AB" 4 1 112 9.28422893381118 0.883042697135298
"64" "AB" 4 1 112 13.2218567334743 1.02501701395273
"65" "AB" 4 1 112 24.2081940952454 1.11936207108191
"66" "AB" 4 1 112 32.7271308550138 1.13281220107853
"67" "AB" 4 2 56 11.42507822732 1.09119450723469
"68" "AB" 4 2 56 15.4435040064337 1.09688039705875
"69" "AB" 4 2 56 25.1740189959826 1.12726404920517
"70" "AB" 4 2 56 5.25775709382226 0.963002402860225
"71" "AB" 4 2 56 7.54338467319236 1.06022774011242
"72" "AB" 4 2 56 10.6411956689465 1.09015362063752
"73" "AB" 4 2 56 15.2255952017002 1.09624106317434
"74" "AB" 4 2 56 20.7992290517128 1.11259383507798
"75" "AB" 4 2 56 32.7596784249062 1.15270144152249
"76" "AB" 4 2 112 11.42507822732 1.00748076379341
"77" "AB" 4 2 112 15.4435040064337 1.05346346649063
"78" "AB" 4 2 112 25.1740189959826 1.09186904102451
"79" "AB" 4 2 112 5.25775709382226 0.860491962106093
"80" "AB" 4 2 112 7.54338467319236 0.907814224412544
"81" "AB" 4 2 112 10.6411956689465 0.998283808181547
"82" "AB" 4 2 112 15.2255952017002 1.05207058856007
"83" "AB" 4 2 112 20.7992290517128 1.0876973801999
"84" "AB" 4 2 112 32.7596784249062 1.09910248506904
"85" "AD" 2 1 56 6.35047956679012 1.0442716094589
"86" "AD" 2 1 56 9.41942172137319 1.0746093074811
"87" "AD" 2 1 56 11.7287285173508 0.979077329605244
"88" "AD" 2 1 56 18.5854147142509 1.02637590012007
"89" "AD" 2 1 56 25.1957377491615 1.05980527729188
"90" "AD" 2 1 56 48.726871185387 1.14671571089924
"91" "AD" 2 1 56 6.54211143092642 1.0461659656679
"92" "AD" 2 1 56 10.9441230559268 1.01153508346999
"93" "AD" 2 1 56 12.5850580011662 0.98498443389893
"94" "AD" 2 1 56 21.7042552225016 1.04214833592062
"95" "AD" 2 1 56 30.9498493296375 1.08105764636452
"96" "AD" 2 1 112 6.35047956679012 0.825150825814192
"97" "AD" 2 1 112 9.41942172137319 0.803906223578673
"98" "AD" 2 1 112 11.7287285173508 0.879161208248995
"99" "AD" 2 1 112 18.5854147142509 0.988537336948236
"100" "AD" 2 1 112 25.1957377491615 1.08277866974349
"101" "AD" 2 1 112 48.726871185387 1.09887307011649
"102" "AD" 2 1 112 6.54211143092642 0.823824263590415
"103" "AD" 2 1 112 10.9441230559268 0.853592725068432
"104" "AD" 2 1 112 12.5850580011662 0.892821160176369
"105" "AD" 2 1 112 21.7042552225016 1.03300168229431
"106" "AD" 2 1 112 30.9498493296375 1.08671426323362
"107" "AD" 2 2 56 6.18968998899636 1.09040320132992
"108" "AD" 2 2 56 9.83001827909247 1.06028125853626
"109" "AD" 2 2 56 13.1570635459449 1.04090974281578
"110" "AD" 2 2 56 19.0310357475796 1.07618872033982
"111" "AD" 2 2 56 26.5522810575907 1.10618114115056
"112" "AD" 2 2 56 54.743895310075 1.14778530218994
"113" "AD" 2 2 56 8.34885492331197 1.07253716358534
"114" "AD" 2 2 56 7.95121465293476 1.07582744306627
"115" "AD" 2 2 56 14.7304958999504 1.05035975087627
"116" "AD" 2 2 56 21.9397672931848 1.08778785013089
"117" "AD" 2 2 56 40.2655481919691 1.12641868303536
"118" "AD" 2 2 112 6.18968998899636 0.948716295803205
"119" "AD" 2 2 112 9.83001827909247 0.925460206893691
"120" "AD" 2 2 112 13.1570635459449 0.941272132115815
"121" "AD" 2 2 112 19.0310357475796 1.07425265603803
"122" "AD" 2 2 112 26.5522810575907 1.13027031757268
"123" "AD" 2 2 112 54.743895310075 1.21932895739128
"124" "AD" 2 2 112 8.34885492331197 0.934922558623138
"125" "AD" 2 2 112 7.95121465293476 0.937462867283501
"126" "AD" 2 2 112 14.7304958999504 0.976892978045863
"127" "AD" 2 2 112 21.9397672931848 1.0959166667837
"128" "AD" 2 2 112 40.2655481919691 1.17359117559518
"129" "AD" 4 1 56 6.35047956679012 1.12026739991309
"130" "AD" 4 1 56 9.41942172137319 1.07669014470258
"131" "AD" 4 1 56 11.7287285173508 1.03171198845248
"132" "AD" 4 1 56 18.5854147142509 0.99613161966062
"133" "AD" 4 1 56 25.1957377491615 1.01725761727103
"134" "AD" 4 1 56 6.25453770348259 1.0984871320543
"135" "AD" 4 1 56 6.54211143092642 1.16377075900242
"136" "AD" 4 1 56 10.9441230559268 1.03054568496964
"137" "AD" 4 1 56 12.5850580011662 1.03298490854867
"138" "AD" 4 1 56 21.7042552225016 0.976976170119483
"139" "AD" 4 1 56 30.9498493296375 1.083643154006
"140" "AD" 4 1 112 6.35047956679012 1.0114812171724
"141" "AD" 4 1 112 9.41942172137319 0.886038002827081
"142" "AD" 4 1 112 11.7287285173508 0.841787745700817
"143" "AD" 4 1 112 18.5854147142509 0.905112452742256
"144" "AD" 4 1 112 25.1957377491615 0.970625986997686
"145" "AD" 4 1 112 6.25453770348259 1.02085861222346
"146" "AD" 4 1 112 6.54211143092642 0.992751044206964
"147" "AD" 4 1 112 10.9441230559268 0.829490220286423
"148" "AD" 4 1 112 12.5850580011662 0.855209438651057
"149" "AD" 4 1 112 21.7042552225016 0.93105083428748
"150" "AD" 4 1 112 30.9498493296375 1.03584752047812
"151" "AD" 4 2 56 6.18968998899636 1.10816345181181
"152" "AD" 4 2 56 9.83001827909247 1.05974055380043
"153" "AD" 4 2 56 13.1570635459449 1.04482617275452
"154" "AD" 4 2 56 19.0310357475796 1.03873182247264
"155" "AD" 4 2 56 26.5522810575907 1.05245300723991
"156" "AD" 4 2 56 5.66541125646452 1.11990087563105
"157" "AD" 4 2 56 8.34885492331197 1.06638026949635
"158" "AD" 4 2 56 7.95121465293476 1.06872686919697
"159" "AD" 4 2 56 14.7304958999504 1.03777283629667
"160" "AD" 4 2 56 21.9397672931848 1.03938044646885
"161" "AD" 4 2 56 40.2655481919691 1.09131847781418
"162" "AD" 4 2 112 6.18968998899636 1.00379359669941
"163" "AD" 4 2 112 9.83001827909247 0.966667886339994
"164" "AD" 4 2 112 13.1570635459449 0.960214823815591
"165" "AD" 4 2 112 19.0310357475796 1.00318305024546
"166" "AD" 4 2 112 26.5522810575907 1.0488209139686
"167" "AD" 4 2 112 5.66541125646452 1.03033399535651
"168" "AD" 4 2 112 8.34885492331197 0.969540717629346
"169" "AD" 4 2 112 7.95121465293476 0.914620483383409
"170" "AD" 4 2 112 14.7304958999504 0.957163029642703
"171" "AD" 4 2 112 21.9397672931848 1.03430934843113
"172" "AD" 4 2 112 40.2655481919691 1.09196462798613
"173" "FE" 2 1 56 3.13943221972073 0.800047290656188
"174" "FE" 2 1 56 6.03873573726337 0.964300556647287
"175" "FE" 2 1 56 9.40131879360728 1.03090652918031
"176" "FE" 2 1 56 17.2882083816664 1.09633263505696
"177" "FE" 2 1 56 24.1500926640672 1.09176514888189
"178" "FE" 2 1 56 39.4570205743145 1.01266391146234
"179" "FE" 2 1 56 5.71588417707134 0.946010155911041
"180" "FE" 2 1 56 8.00086154871768 1.00316630232976
"181" "FE" 2 1 56 11.3756102478905 1.04728436739867
"182" "FE" 2 1 56 16.5696391244732 1.09037170612853
"183" "FE" 2 1 56 27.219246922881 1.07590475539685
"184" "FE" 2 1 112 3.13943221972073 0.611381453016424
"185" "FE" 2 1 112 6.03873573726337 0.924860248469715
"186" "FE" 2 1 112 9.40131879360728 0.965444855314109
"187" "FE" 2 1 112 17.2882083816664 1.04574025930742
"188" "FE" 2 1 112 24.1500926640672 1.15238053334846
"189" "FE" 2 1 112 39.4570205743145 1.13961974559191
"190" "FE" 2 1 112 5.71588417707134 0.889952858613204
"191" "FE" 2 1 112 8.00086154871768 0.94854207381136
"192" "FE" 2 1 112 11.3756102478905 0.985544861552592
"193" "FE" 2 1 112 16.5696391244732 1.03842459853148
"194" "FE" 2 1 112 27.219246922881 1.14982189935485
"195" "FE" 2 2 56 4.76883216331673 0.854971459339327
"196" "FE" 2 2 56 8.62894005884073 0.9299930627949
"197" "FE" 2 2 56 12.5414616127008 1.05721020845374
"198" "FE" 2 2 56 19.821424767496 1.19229501952788
"199" "FE" 2 2 56 28.1814860658623 1.09408267183064
"200" "FE" 2 2 56 46.4474962461851 1.12290526743214
"201" "FE" 2 2 56 6.85518579144495 0.895519961814873
"202" "FE" 2 2 56 10.9924287796544 1.00684280910802
"203" "FE" 2 2 56 14.3139130931924 1.09009928608905
"204" "FE" 2 2 56 19.2648247892324 1.18196691740581
"205" "FE" 2 2 56 29.0197851515178 1.09540545416244
"206" "FE" 2 2 56 45.4103794197709 1.12126876342365
"207" "FE" 2 2 112 4.76883216331673 0.810427276524083
"208" "FE" 2 2 112 8.62894005884073 0.902654700850953
"209" "FE" 2 2 112 12.5414616127008 1.04870192172802
"210" "FE" 2 2 112 19.821424767496 1.10795983188126
"211" "FE" 2 2 112 28.1814860658623 1.21869618490613
"212" "FE" 2 2 112 46.4474962461851 1.25288713593823
"213" "FE" 2 2 112 6.85518579144495 0.860275370558036
"214" "FE" 2 2 112 10.9924287796544 0.990879380126797
"215" "FE" 2 2 112 14.3139130931924 1.0631294357619
"216" "FE" 2 2 112 19.2648247892324 1.10342918374446
"217" "FE" 2 2 112 29.0197851515178 1.22026534219362
"218" "FE" 2 2 112 45.4103794197709 1.25094582471173
"219" "FE" 4 1 56 6.03873573726337 0.766720890615993
"220" "FE" 4 1 56 9.40131879360728 1.01214355279411
"221" "FE" 4 1 56 17.2882083816664 1.03420258584842
"222" "FE" 4 1 56 24.1500926640672 1.06640133138326
"223" "FE" 4 1 56 39.4570205743145 1.08752869850327
"224" "FE" 4 1 56 5.71588417707134 0.730174796027405
"225" "FE" 4 1 56 8.00086154871768 0.988829265924654
"226" "FE" 4 1 56 11.3756102478905 1.04501081632325
"227" "FE" 4 1 56 16.5696391244732 1.03083076730568
"228" "FE" 4 1 56 27.219246922881 1.08080304859673
"229" "FE" 4 1 56 39.9943359200526 1.08782399689722
"230" "FE" 4 1 112 6.03873573726337 0.761724686686615
"231" "FE" 4 1 112 9.40131879360728 0.753311505689625
"232" "FE" 4 1 112 17.2882083816664 0.989116653051576
"233" "FE" 4 1 112 24.1500926640672 1.05761179558077
"234" "FE" 4 1 112 39.4570205743145 1.11882707189278
"235" "FE" 4 1 112 5.71588417707134 0.779589797845167
"236" "FE" 4 1 112 8.00086154871768 0.653149725153685
"237" "FE" 4 1 112 11.3756102478905 0.894514350745766
"238" "FE" 4 1 112 16.5696391244732 0.981943914243552
"239" "FE" 4 1 112 27.219246922881 1.08824801003002
"240" "FE" 4 1 112 39.9943359200526 1.12016968531783
"241" "FE" 4 2 56 8.62894005884073 0.876084450049332
"242" "FE" 4 2 56 12.5414616127008 0.978260405700128
"243" "FE" 4 2 56 19.821424767496 1.059328260979
"244" "FE" 4 2 56 28.1814860658623 1.14590278634788
"245" "FE" 4 2 56 6.85518579144495 0.828758379728737
"246" "FE" 4 2 56 10.9924287796544 0.939145402436714
"247" "FE" 4 2 56 14.3139130931924 1.02301700734512
"248" "FE" 4 2 56 19.2648247892324 1.05356426269971
"249" "FE" 4 2 56 29.0197851515178 1.15458398411278
"250" "FE" 4 2 56 45.4103794197709 1.07837292195803
"251" "FE" 4 2 112 8.62894005884073 0.750626842823189
"252" "FE" 4 2 112 12.5414616127008 0.866329823081804
"253" "FE" 4 2 112 19.821424767496 1.07439589808836
"254" "FE" 4 2 112 28.1814860658623 1.11070350720536
"255" "FE" 4 2 112 6.85518579144495 0.698622055758353
"256" "FE" 4 2 112 10.9924287796544 0.819922082820845
"257" "FE" 4 2 112 14.3139130931924 0.919431000911611
"258" "FE" 4 2 112 19.2648247892324 1.07197859351079
"259" "FE" 4 2 112 29.0197851515178 1.11434422638658
"260" "FE" 4 2 112 45.4103794197709 1.22686622704323
"261" "MA" 2 1 56 3.51015079720055 0.906325435657847
"262" "MA" 2 1 56 6.49136095865141 0.937639537644477
"263" "MA" 2 1 56 8.96275627046939 1.01521943646996
"264" "MA" 2 1 56 14.6431857206676 0.98920472450285
"265" "MA" 2 1 56 27.2285284872824 1.14971765813449
"266" "MA" 2 1 56 52.9817597321351 1.06300333630154
"267" "MA" 2 1 56 4.04775917421211 0.911972378555161
"268" "MA" 2 1 56 5.26064563835994 0.924712322530813
"269" "MA" 2 1 56 8.85629760362432 1.01187757830448
"270" "MA" 2 1 56 16.1076791402996 1.00788281213451
"271" "MA" 2 1 56 21.8531479781055 1.0811602806427
"272" "MA" 2 1 56 34.2615292062405 1.12603667294095
"273" "MA" 2 1 112 3.51015079720055 0.963534252487004
"274" "MA" 2 1 112 6.49136095865141 0.98870941892814
"275" "MA" 2 1 112 8.96275627046939 0.999054438789456
"276" "MA" 2 1 112 14.6431857206676 1.06921220639816
"277" "MA" 2 1 112 27.2285284872824 1.08088997486183
"278" "MA" 2 1 112 52.9817597321351 1.07652975304288
"279" "MA" 2 1 112 4.04775917421211 0.968074147240626
"280" "MA" 2 1 112 5.26064563835994 0.978316504188136
"281" "MA" 2 1 112 8.85629760362432 0.998608813187734
"282" "MA" 2 1 112 16.1076791402996 1.07057108993341
"283" "MA" 2 1 112 21.8531479781055 1.07590223236213
"284" "MA" 2 1 112 34.2615292062405 1.07969923328475
"285" "MA" 2 2 56 3.61826920904017 1.00783593176509
"286" "MA" 2 2 56 7.48669316618493 1.02642867254438
"287" "MA" 2 2 56 12.0594885349691 1.10721222102964
"288" "MA" 2 2 56 17.7722797273504 1.07555391818072
"289" "MA" 2 2 56 31.1668224818146 1.03667732978467
"290" "MA" 2 2 56 72.6229910274853 1.05202914344227
"291" "MA" 2 2 56 3.81692678336021 1.00879073631188
"292" "MA" 2 2 56 6.56089110533682 1.02197900572374
"293" "MA" 2 2 56 10.6554014174253 1.08240745051401
"294" "MA" 2 2 56 14.1954933202497 1.09537522504958
"295" "MA" 2 2 56 22.2811268093619 1.06246735036267
"296" "MA" 2 2 56 31.8319976411639 1.03692365368421
"297" "MA" 2 2 112 3.61826920904017 0.987950173548933
"298" "MA" 2 2 112 7.48669316618493 1.01387073488233
"299" "MA" 2 2 112 12.0594885349691 1.10286987144544
"300" "MA" 2 2 112 17.7722797273504 1.12129252370119
"301" "MA" 2 2 112 31.1668224818146 1.05762860173793
"302" "MA" 2 2 112 72.6229910274853 1.03032544666609
"303" "MA" 2 2 112 3.81692678336021 0.989281288208689
"304" "MA" 2 2 112 6.56089110533682 1.00766735351394
"305" "MA" 2 2 112 10.6554014174253 1.07554248610608
"306" "MA" 2 2 112 14.1954933202497 1.10975807583637
"307" "MA" 2 2 112 22.2811268093619 1.09986208788599
"308" "MA" 2 2 112 31.8319976411639 1.05719051541296
"309" "MA" 4 1 56 6.49136095865141 0.959743161785935
"310" "MA" 4 1 56 8.96275627046939 0.978611565564766
"311" "MA" 4 1 56 14.6431857206676 0.959312108406853
"312" "MA" 4 1 56 27.2285284872824 1.00928762329886
"313" "MA" 4 1 56 4.04775917421211 0.930303889306208
"314" "MA" 4 1 56 5.26064563835994 0.949735798700537
"315" "MA" 4 1 56 8.85629760362432 0.978973262598041
"316" "MA" 4 1 56 16.1076791402996 0.954336440940506
"317" "MA" 4 1 56 21.8531479781055 0.974113995030371
"318" "MA" 4 1 56 34.2615292062405 1.05530783572445
"319" "MA" 4 1 112 6.49136095865141 0.943969174413386
"320" "MA" 4 1 112 8.96275627046939 0.980112689915871
"321" "MA" 4 1 112 14.6431857206676 0.998577727261821
"322" "MA" 4 1 112 27.2285284872824 1.07997710119411
"323" "MA" 4 1 112 4.04775917421211 0.928542772290344
"324" "MA" 4 1 112 5.26064563835994 0.925340143338977
"325" "MA" 4 1 112 8.85629760362432 0.97976663099967
"326" "MA" 4 1 112 16.1076791402996 1.00333826973902
"327" "MA" 4 1 112 21.8531479781055 1.04838172393739
"328" "MA" 4 1 112 34.2615292062405 1.12131562794266
"329" "MA" 4 2 56 7.48669316618493 0.934304418571578
"330" "MA" 4 2 56 12.0594885349691 1.02031854601215
"331" "MA" 4 2 56 17.7722797273504 1.03982388789351
"332" "MA" 4 2 56 31.1668224818146 1.1098204022507
"333" "MA" 4 2 56 3.81692678336021 0.948259828699342
"334" "MA" 4 2 56 6.56089110533682 0.911998919261461
"335" "MA" 4 2 56 10.6554014174253 1.01064862075153
"336" "MA" 4 2 56 14.1954933202497 1.03502917640816
"337" "MA" 4 2 56 22.2811268093619 1.04586803435048
"338" "MA" 4 2 56 31.8319976411639 1.11460781879938
"339" "MA" 4 2 112 7.48669316618493 0.94277750523519
"340" "MA" 4 2 112 12.0594885349691 0.999554375403678
"341" "MA" 4 2 112 17.7722797273504 1.05441253861299
"342" "MA" 4 2 112 31.1668224818146 1.06746565844252
"343" "MA" 4 2 112 3.81692678336021 0.954576724406808
"344" "MA" 4 2 112 6.56089110533682 0.935667682012773
"345" "MA" 4 2 112 10.6554014174253 0.967112032519667
"346" "MA" 4 2 112 14.1954933202497 1.04890815037968
"347" "MA" 4 2 112 22.2811268093619 1.06135129368506
"348" "MA" 4 2 112 31.8319976411639 1.0679233742705
"349" "MC" 2 1 56 5.69647348576017 0.642658726920564
"350" "MC" 2 1 56 8.95285532412459 0.741669049341225
"351" "MC" 2 1 56 12.9294821194041 1.00185295705004
"352" "MC" 2 1 56 22.2002837818154 1.20897923181456
"353" "MC" 2 1 56 37.2013569017024 1.33136965577297
"354" "MC" 2 1 56 44.7660200379512 1.40800210060054
"355" "MC" 2 1 56 8.14991363647719 0.717255599283756
"356" "MC" 2 1 56 12.452797065191 0.97066426710338
"357" "MC" 2 1 56 16.5594764468921 1.08295351661841
"358" "MC" 2 1 56 29.3256466801744 1.26711348521218
"359" "MC" 2 1 112 5.69647348576017 0.880544901002897
"360" "MC" 2 1 112 8.95285532412459 0.970966537991012
"361" "MC" 2 1 112 12.9294821194041 0.962990145417697
"362" "MC" 2 1 112 22.2002837818154 1.03062198444991
"363" "MC" 2 1 112 37.2013569017024 1.16060978110972
"364" "MC" 2 1 112 44.7660200379512 1.17946039052097
"365" "MC" 2 1 112 8.14991363647719 0.948670841292389
"366" "MC" 2 1 112 12.452797065191 0.963946289235555
"367" "MC" 2 1 112 16.5594764468921 0.989471479069771
"368" "MC" 2 1 112 29.3256466801744 1.09236491551605
"369" "MC" 2 2 56 5.28459552809041 0.782622271294179
"370" "MC" 2 2 56 8.78962527343434 1.00132115508289
"371" "MC" 2 2 56 13.5077616914474 1.15279870710306
"372" "MC" 2 2 56 26.1406977287567 1.25025933041503
"373" "MC" 2 2 56 40.4482036315304 1.40339312170249
"374" "MC" 2 2 56 51.5698934838156 1.39145132468463
"375" "MC" 2 2 56 5.50899638938514 0.796623926473162
"376" "MC" 2 2 56 8.02629013448469 0.953692303126141
"377" "MC" 2 2 56 10.4833093453556 1.05569752201681
"378" "MC" 2 2 56 16.3917406893154 1.17504803931853
"379" "MC" 2 2 56 27.0575110634895 1.26007201913972
"380" "MC" 2 2 112 5.28459552809041 0.952896281309761
"381" "MC" 2 2 112 8.78962527343434 0.963643245462047
"382" "MC" 2 2 112 13.5077616914474 1.05670530242567
"383" "MC" 2 2 112 26.1406977287567 1.10480741611821
"384" "MC" 2 2 112 40.4482036315304 1.11537047979137
"385" "MC" 2 2 112 51.5698934838156 1.17217232169108
"386" "MC" 2 2 112 5.50899638938514 0.953584329111718
"387" "MC" 2 2 112 8.02629013448469 0.961302741680198
"388" "MC" 2 2 112 10.4833093453556 0.997050020852805
"389" "MC" 2 2 112 16.3917406893154 1.06768655692048
"390" "MC" 2 2 112 27.0575110634895 1.10548428864211
"391" "MC" 4 1 56 5.69647348576017 0.751686688348717
"392" "MC" 4 1 56 8.95285532412459 0.886873871769454
"393" "MC" 4 1 56 12.9294821194041 1.02464165460749
"394" "MC" 4 1 56 22.2002837818154 1.19837357345208
"395" "MC" 4 1 56 3.23632003664934 0.635069813046501
"396" "MC" 4 1 56 5.27645760613619 0.733370154090144
"397" "MC" 4 1 56 8.14991363647719 0.858679120663893
"398" "MC" 4 1 56 12.452797065191 1.00977194493148
"399" "MC" 4 1 56 16.5594764468921 1.13787566792141
"400" "MC" 4 1 56 29.3256466801744 1.2747934023705
"401" "MC" 4 1 112 5.69647348576017 0.94755697537753
"402" "MC" 4 1 112 8.95285532412459 0.968744713903104
"403" "MC" 4 1 112 12.9294821194041 0.970273986545671
"404" "MC" 4 1 112 22.2002837818154 1.05109757098013
"405" "MC" 4 1 112 3.23632003664934 0.872342921135414
"406" "MC" 4 1 112 5.27645760613619 0.943852892303435
"407" "MC" 4 1 112 8.14991363647719 0.9691936481236
"408" "MC" 4 1 112 12.452797065191 0.966787854966174
"409" "MC" 4 1 112 16.5594764468921 0.996821153792904
"410" "MC" 4 1 112 29.3256466801744 1.11965853155173
"411" "MC" 4 2 56 5.28459552809041 0.775868660754674
"412" "MC" 4 2 56 8.78962527343434 1.04101103677046
"413" "MC" 4 2 56 13.5077616914474 1.19501039715625
"414" "MC" 4 2 56 26.1406977287567 1.33203883628173
"415" "MC" 4 2 56 3.96311303811425 0.62506536283115
"416" "MC" 4 2 56 5.50899638938514 0.801476559608283
"417" "MC" 4 2 56 8.02629013448469 0.989868465810317
"418" "MC" 4 2 56 10.4833093453556 1.1544859096179
"419" "MC" 4 2 56 16.3917406893154 1.23365268924294
"420" "MC" 4 2 56 27.0575110634895 1.34129128566613
"421" "MC" 4 2 112 5.28459552809041 0.943886054977488
"422" "MC" 4 2 112 8.78962527343434 0.992554353081797
"423" "MC" 4 2 112 13.5077616914474 1.04764107857366
"424" "MC" 4 2 112 26.1406977287567 1.12709982315342
"425" "MC" 4 2 112 3.96311303811425 0.853160208619683
"426" "MC" 4 2 112 5.50899638938514 0.959292205432612
"427" "MC" 4 2 112 8.02629013448469 0.979993741838803
"428" "MC" 4 2 112 10.4833093453556 1.02042377256788
"429" "MC" 4 2 112 16.3917406893154 1.07359425287334
"430" "MC" 4 2 112 27.0575110634895 1.13213160451391
"431" "MP" 2 1 56 3.06693235292892 0.809562915305919
"432" "MP" 2 1 56 5.69220034625091 0.86865982378381
"433" "MP" 2 1 56 8.9404973966165 0.88524968147421
"434" "MP" 2 1 56 15.7255965861081 0.947692887653462
"435" "MP" 2 1 56 20.5618707512775 0.997462548988781
"436" "MP" 2 1 56 33.312408944368 1.01655533244869
"437" "MP" 2 1 56 3.13697800358115 0.811139699625234
"438" "MP" 2 1 56 4.56699442793573 0.843330527368129
"439" "MP" 2 1 56 7.26274243659078 0.876680971287112
"440" "MP" 2 1 56 10.8966959379421 0.903252558872484
"441" "MP" 2 1 56 17.7089978970712 0.968103891696531
"442" "MP" 2 1 56 27.1266998401599 1.00729278974782
"443" "MP" 2 1 112 3.06693235292892 1.10596661347174
"444" "MP" 2 1 112 5.69220034625091 1.06623883253356
"445" "MP" 2 1 112 8.9404973966165 1.12906194129442
"446" "MP" 2 1 112 15.7255965861081 1.1357829084275
"447" "MP" 2 1 112 20.5618707512775 1.23579731206581
"448" "MP" 2 1 112 33.312408944368 1.23505155927119
"449" "MP" 2 1 112 3.13697800358115 1.10490662330241
"450" "MP" 2 1 112 4.56699442793573 1.08326640242238
"451" "MP" 2 1 112 7.26274243659078 1.09661362123825
"452" "MP" 2 1 112 10.8966959379421 1.13099965004927
"453" "MP" 2 1 112 17.7089978970712 1.17679975166605
"454" "MP" 2 1 112 27.1266998401599 1.23541334869383
"455" "MP" 2 2 56 3.92170437570779 0.852376344913723
"456" "MP" 2 2 56 6.06525559148159 0.879514398839782
"457" "MP" 2 2 56 8.66663620185264 0.882125351998323
"458" "MP" 2 2 56 15.4359414251913 0.958619759190424
"459" "MP" 2 2 56 22.3557817221364 0.97877269261248
"460" "MP" 2 2 56 34.6628274310807 1.068717074494
"461" "MP" 2 2 56 5.2376425674387 0.869036549413508
"462" "MP" 2 2 56 8.33355939409299 0.881791049536088
"463" "MP" 2 2 56 10.698457486517 0.90508531015693
"464" "MP" 2 2 56 18.0996288728952 0.966377324898182
"465" "MP" 2 2 56 25.1087211522822 0.998892178739177
"466" "MP" 2 2 112 3.92170437570779 1.06992233915277
"467" "MP" 2 2 112 6.06525559148159 1.13406767493924
"468" "MP" 2 2 112 8.66663620185264 1.1530806285884
"469" "MP" 2 2 112 15.4359414251913 1.18033824288013
"470" "MP" 2 2 112 22.3557817221364 1.17089401671786
"471" "MP" 2 2 112 34.6628274310807 1.18876496616785
"472" "MP" 2 2 112 5.2376425674387 1.10930152289313
"473" "MP" 2 2 112 8.33355939409299 1.15064623898686
"474" "MP" 2 2 112 10.698457486517 1.16126205918724
"475" "MP" 2 2 112 18.0996288728952 1.17670283142521
"476" "MP" 2 2 112 25.1087211522822 1.17489153509542
"477" "MP" 4 1 56 5.69220034625091 0.818175636266069
"478" "MP" 4 1 56 8.9404973966165 0.860094272486295
"479" "MP" 4 1 56 15.7255965861081 0.897970100135388
"480" "MP" 4 1 56 20.5618707512775 0.917443509488642
"481" "MP" 4 1 56 3.13697800358115 0.83954102373649
"482" "MP" 4 1 56 4.56699442793573 0.792524484077189
"483" "MP" 4 1 56 7.26274243659078 0.853979051021185
"484" "MP" 4 1 56 10.8966959379421 0.867224388382211
"485" "MP" 4 1 56 17.7089978970712 0.910598457900608
"486" "MP" 4 1 56 27.1266998401599 0.933194857717767
"487" "MP" 4 1 112 5.69220034625091 1.04758997318881
"488" "MP" 4 1 112 8.9404973966165 1.07681145333736
"489" "MP" 4 1 112 15.7255965861081 1.12670237196555
"490" "MP" 4 1 112 20.5618707512775 1.1449411878444
"491" "MP" 4 1 112 3.13697800358115 1.05385565069725
"492" "MP" 4 1 112 4.56699442793573 1.04289109354427
"493" "MP" 4 1 112 7.26274243659078 1.05414858449637
"494" "MP" 4 1 112 10.8966959379421 1.10323549738746
"495" "MP" 4 1 112 17.7089978970712 1.1363410523182
"496" "MP" 4 1 112 27.1266998401599 1.1647312110091
"497" "MP" 4 2 56 3.92170437570779 0.844620103016701
"498" "MP" 4 2 56 6.06525559148159 0.817467526220404
"499" "MP" 4 2 56 8.66663620185264 0.818960317009569
"500" "MP" 4 2 56 15.4359414251913 0.940144339794387
"501" "MP" 4 2 56 22.3557817221364 0.944044478646624
"502" "MP" 4 2 56 3.05988572094951 0.859691471632968
"503" "MP" 4 2 56 5.2376425674387 0.821607153071491
"504" "MP" 4 2 56 8.33355939409299 0.80612172684929
"505" "MP" 4 2 56 10.698457486517 0.897277750541478
"506" "MP" 4 2 56 18.0996288728952 0.964246415325814
"507" "MP" 4 2 56 25.1087211522822 0.930977582315735
"508" "MP" 4 2 112 3.92170437570779 1.06363280542207
"509" "MP" 4 2 112 6.06525559148159 1.05788139535034
"510" "MP" 4 2 112 8.66663620185264 1.0772676272131
"511" "MP" 4 2 112 15.4359414251913 1.13603229989324
"512" "MP" 4 2 112 22.3557817221364 1.16597049151205
"513" "MP" 4 2 112 3.05988572094951 1.0710517715993
"514" "MP" 4 2 112 5.2376425674387 1.05230455105918
"515" "MP" 4 2 112 8.33355939409299 1.07316628906845
"516" "MP" 4 2 112 10.698457486517 1.10228643952235
"517" "MP" 4 2 112 18.0996288728952 1.15500617417872
"518" "MP" 4 2 112 25.1087211522822 1.17306236593026
"519" "SY" 2 1 56 7.59341050332033 0.794942835534694
"520" "SY" 2 1 56 10.6128418682457 0.985449723047958
"521" "SY" 2 1 56 16.9479394879762 1.08326909761223
"522" "SY" 2 1 56 24.0485125822415 0.967785733546858
"523" "SY" 2 1 56 41.1522193692785 1.05203007421557
"524" "SY" 2 1 56 64.7417715231776 1.07420042546003
"525" "SY" 2 1 56 11.2197647238112 0.994821135724422
"526" "SY" 2 1 56 17.3567101069045 1.07662087280302
"527" "SY" 2 1 56 28.2717201007061 0.988587150299971
"528" "SY" 2 1 112 7.59341050332033 0.911610390822843
"529" "SY" 2 1 112 10.6128418682457 0.951731654496084
"530" "SY" 2 1 112 16.9479394879762 0.966064761929329
"531" "SY" 2 1 112 24.0485125822415 0.957413414048738
"532" "SY" 2 1 112 41.1522193692785 0.952720475080721
"533" "SY" 2 1 112 64.7417715231776 0.976882854467061
"534" "SY" 2 1 112 11.2197647238112 0.953104812577408
"535" "SY" 2 1 112 17.3567101069045 0.96556671525327
"536" "SY" 2 1 112 28.2717201007061 0.956254644468541
"537" "SY" 2 2 56 6.80165966858421 0.81644019657374
"538" "SY" 2 2 56 10.7896091999187 0.840695322636856
"539" "SY" 2 2 56 15.4602031329659 1.01071814441574
"540" "SY" 2 2 56 24.6100326666198 1.04740578892448
"541" "SY" 2 2 56 50.3672330254468 1.06796037828979
"542" "SY" 2 2 56 80.7161273325727 1.13911848926065
"543" "SY" 2 2 56 6.92415045014067 0.817185198315833
"544" "SY" 2 2 56 10.4556315515946 0.838664035656237
"545" "SY" 2 2 56 16.7791763863372 1.01600676992054
"546" "SY" 2 2 56 26.8923136876834 1.0492270796141
"547" "SY" 2 2 112 6.80165966858421 0.834399244046035
"548" "SY" 2 2 112 10.7896091999187 0.928746372262706
"549" "SY" 2 2 112 15.4602031329659 0.923684420624892
"550" "SY" 2 2 112 24.6100326666198 0.948839226797015
"551" "SY" 2 2 112 50.3672330254468 0.978682435809772
"552" "SY" 2 2 112 80.7161273325727 0.918370073401223
"553" "SY" 2 2 112 6.92415045014067 0.837297137658295
"554" "SY" 2 2 112 10.4556315515946 0.920845110784757
"555" "SY" 2 2 112 16.7791763863372 0.927310555561367
"556" "SY" 2 2 112 26.8923136876834 0.951483558812474
"557" "SY" 4 1 56 7.59341050332033 1.06076940532116
"558" "SY" 4 1 56 10.6128418682457 1.06643185370596
"559" "SY" 4 1 56 16.9479394879762 1.00346180862561
"560" "SY" 4 1 56 24.0485125822415 1.0369062816328
"561" "SY" 4 1 56 3.23299474712987 0.696084299098775
"562" "SY" 4 1 56 4.79249208265067 0.839390187356276
"563" "SY" 4 1 56 7.09196429995823 1.05982902519619
"564" "SY" 4 1 56 11.2197647238112 1.0675700379956
"565" "SY" 4 1 56 17.3567101069045 0.998886955085545
"566" "SY" 4 1 56 28.2717201007061 1.06090034097826
"567" "SY" 4 1 112 7.59341050332033 0.927751923637869
"568" "SY" 4 1 112 10.6128418682457 0.96679779502645
"569" "SY" 4 1 112 16.9479394879762 0.930306325177301
"570" "SY" 4 1 112 24.0485125822415 0.929710396429995
"571" "SY" 4 1 112 3.23299474712987 0.862464676139671
"572" "SY" 4 1 112 4.79249208265067 0.920508351645188
"573" "SY" 4 1 112 7.09196429995823 0.921267456333128
"574" "SY" 4 1 112 11.2197647238112 0.974646236967036
"575" "SY" 4 1 112 17.3567101069045 0.927142166622135
"576" "SY" 4 1 112 28.2717201007061 0.931331210474294
"577" "SY" 4 2 56 6.80165966858421 1.05591188222178
"578" "SY" 4 2 56 10.7896091999187 1.05329059424389
"579" "SY" 4 2 56 15.4602031329659 1.03193440495533
"580" "SY" 4 2 56 24.6100326666198 1.04895579844825
"581" "SY" 4 2 56 3.13226102976834 0.770243203976837
"582" "SY" 4 2 56 5.15479360173803 0.985747780358871
"583" "SY" 4 2 56 6.92415045014067 1.06113055534124
"584" "SY" 4 2 56 10.4556315515946 1.05481769978507
"585" "SY" 4 2 56 16.7791763863372 1.02590342840945
"586" "SY" 4 2 56 26.8923136876834 1.05567434680963
"587" "SY" 4 2 112 6.80165966858421 0.970696893323135
"588" "SY" 4 2 112 10.7896091999187 0.949677612492315
"589" "SY" 4 2 112 15.4602031329659 0.918148532760066
"590" "SY" 4 2 112 24.6100326666198 0.901876133803403
"591" "SY" 4 2 112 3.13226102976834 0.915050594438201
"592" "SY" 4 2 112 5.15479360173803 0.965777291667936
"593" "SY" 4 2 112 6.92415045014067 0.971062803984496
"594" "SY" 4 2 112 10.4556315515946 0.951932145439034
"595" "SY" 4 2 112 16.7791763863372 0.909244737339958
"596" "SY" 4 2 112 26.8923136876834 0.899728575043377
