"subject" "durationTest" "radius" "speed" "number" "x" "xmin" "xmax" "meandur" "pse" "psemin" "psemax" "freq" "tf" "angle"
"1" "AB" 112 2 10 1 7.45352828236804 7.38583228350477 7.51199202608399 1906.66666666667 1.09478565075991 1.04028582154005 1.15403687872617 0.795774715459477 0.795774715459477 1.48544613552436
"2" "AB" 112 2 10 2 7.48407971272106 7.44052138445802 7.53035424332799 1906.66666666667 1.06670326334703 1.02250055253673 1.10648344049048 0.795774715459477 1.59154943091895 1.48544613552436
"3" "AB" 112 2 15.849 1 7.38343687725693 7.31577846026983 7.43771589367203 1906.66666666667 1.15606087895311 1.10898667991587 1.21127166690877 1.26122334653172 1.26122334653172 2.35428358019255
"4" "AB" 112 2 3.981 1 7.66524859610812 7.60859044426738 7.72983703117319 1906.66666666667 0.881334115878951 0.806696829309404 0.94295355263058 0.316797914224418 0.316797914224418 0.591356106552246
"5" "AB" 112 2 15.849 2 7.41176536640781 7.34509782359121 7.46794417670285 1906.66666666667 1.13181150633574 1.0816416628092 1.18780431145851 1.26122334653172 2.52244669306345 2.35428358019255
"6" "AB" 112 2 3.981 2 7.62566459020982 7.57625643479308 7.6847221603549 1906.66666666667 0.924750428140408 0.859336210265243 0.976585445410263 0.316797914224418 0.633595828448835 0.591356106552246
"7" "AB" 112 2 25.119 1 7.27555506963338 7.16257659466828 7.35103039984928 1906.66666666667 1.24236741413691 1.18297157749256 1.32330539009264 1.99890650776266 1.99890650776266 3.73129214782363
"8" "AB" 112 2 6.31 1 7.57500038629882 7.51734303715718 7.63329593364159 1906.66666666667 0.97787009675947 0.916513439713946 1.03513661590238 0.50213384545493 0.50213384545493 0.937316511515869
"9" "AB" 112 2 25.119 2 7.42632872808213 7.35254461298983 7.48315329626694 1906.66666666667 1.11907524702927 1.06756748442432 1.18173348518774 1.99890650776266 3.99781301552532 3.73129214782363
"10" "AB" 112 2 6.31 2 7.55958880753918 7.51243541993085 7.60637601006083 1906.66666666667 0.993501966965055 0.945291722624267 1.03986019582564 0.50213384545493 1.00426769090986 0.937316511515869
"11" "AB" 112 2 39.182 1 7.44018059708326 7.37660008813167 7.50238945090364 1906.66666666667 1.10678788777426 1.04945744302221 1.16181103406165 3.11800449011332 3.11800449011332 5.82027504821153
"12" "AB" 112 4 10 2 7.55482651654975 7.50974630381911 7.59850803221821 1906.66666666667 0.998283808181547 0.95355758353432 1.04243865480097 0.397887357729738 0.795774715459477 0.742723067762178
"13" "AB" 112 2 39.182 2 7.4794871664918 7.43224974144307 7.52459370606399 1906.66666666667 1.07097964450039 1.02811528705916 1.1138438073687 3.11800449011332 6.23600898022664 5.82027504821153
"14" "AB" 112 4 15.849 1 7.52777653736126 7.48088216502168 7.57763456457675 1906.66666666667 1.02501701395273 0.975174075029149 1.06968275810325 0.630611673265862 0.630611673265862 1.17714179009628
"15" "AB" 112 4 3.981 1 7.72777199484965 7.67431623000727 7.79750572415866 1906.66666666667 0.809158501106242 0.723152782118711 0.87114433440087 0.158398957112209 0.158398957112209 0.295678053276123
"16" "AB" 112 4 15.849 2 7.4996365556999 7.44359111498233 7.55199022153757 1906.66666666667 1.05207058856007 1.00112094543894 1.10373637120975 0.630611673265862 1.26122334653172 1.17714179009628
"17" "AB" 112 4 3.981 2 7.68370841926239 7.63791847527501 7.73232671991325 1906.66666666667 0.860491962106093 0.803722174395976 0.911493384210985 0.158398957112209 0.316797914224418 0.295678053276123
"18" "AB" 112 4 25.119 1 7.42600308079393 7.36340136062297 7.47756143734692 1906.66666666667 1.11936207108191 1.07276696457563 1.17280137303074 0.99945325388133 0.99945325388133 1.86564607391182
"19" "AB" 112 4 6.31 1 7.68039381233424 7.62334998961515 7.75312777730446 1906.66666666667 0.86426273058319 0.778577721715082 0.927236323401705 0.251066922727465 0.251066922727465 0.468658255757934
"20" "AB" 112 4 25.119 2 7.46132827171412 7.40349655607167 7.51328270175234 1906.66666666667 1.0876973801999 1.03904634209042 1.13896079354096 0.99945325388133 1.99890650776266 1.86564607391182
"21" "AB" 112 4 6.31 2 7.64129278272331 7.59333419609005 7.69261818863628 1906.66666666667 0.907814224412544 0.850293844313833 0.95895772334927 0.251066922727465 0.50213384545493 0.468658255757934
"22" "AB" 112 4 39.182 1 7.41061207780062 7.33345424140897 7.47263466955794 1906.66666666667 1.13281220107853 1.07732399150296 1.19720633586271 1.55900224505666 1.55900224505666 2.91013752410577
"23" "AB" 112 4 10 1 7.66372009023204 7.60794480225965 7.72391843537886 1906.66666666667 0.883042697135298 0.813738649038399 0.943635805951725 0.397887357729738 0.397887357729738 0.742723067762178
"24" "AB" 112 4 39.182 2 7.44874802194779 7.39007276702359 7.50368661371061 1906.66666666667 1.09910248506904 1.04822363451861 1.15044196936279 1.55900224505666 3.11800449011332 2.91013752410577
"25" "AB" 56 2 3.981 1 6.92080948416796 6.87084300953353 6.97101545311462 956.666666666667 0.940968867628942 0.886441845594556 0.992584652024653 0.316797914224418 0.316797914224418 0.295678053276123
"26" "AB" 56 2 15.849 2 6.62406509864692 6.55899500944364 6.67171482294691 956.666666666667 1.21289208772005 1.17447868656689 1.26247847934291 1.26122334653172 2.52244669306345 1.17714179009628
"27" "AB" 56 2 3.981 2 6.83279615212093 6.78945777167051 6.87933912156634 956.666666666667 1.03019365133262 0.983989075579579 1.07132575083614 0.316797914224418 0.633595828448835 0.295678053276123
"28" "AB" 56 2 25.119 1 6.7052231509049 6.64212469161192 6.75581439822055 956.666666666667 1.14634817652974 1.10204975786561 1.19854810582149 1.99890650776266 1.99890650776266 1.86564607391182
"29" "AB" 56 2 6.31 1 6.87750134626635 6.83804509963081 6.91875708525984 956.666666666667 0.985854560664749 0.943140192993578 1.02508980552253 0.50213384545493 0.50213384545493 0.468658255757934
"30" "AB" 56 2 25.119 2 6.58123803748217 6.44998823458913 6.65244862809988 956.666666666667 1.24588996197978 1.19023110916642 1.33864649945615 1.99890650776266 3.99781301552532 1.86564607391182
"31" "AB" 56 2 6.31 2 6.75638076178075 6.70275333511639 6.80326109000933 956.666666666667 1.10154104752569 1.05841808517533 1.14845393778961 0.50213384545493 1.00426769090986 0.468658255757934
"32" "AB" 56 2 39.182 1 6.62478427319609 6.53466724309917 6.68036568732017 956.666666666667 1.21232581614245 1.1673062344224 1.28020424223618 3.11800449011332 3.11800449011332 2.91013752410577
"33" "AB" 56 2 10 1 6.80967415805933 6.75702886816413 6.85721973704056 956.666666666667 1.0523602523959 1.00621588400811 1.10095856180742 0.795774715459477 0.795774715459477 0.742723067762178
"34" "AB" 56 2 39.182 2 6.63630571715106 6.50793817435492 6.70873783314709 956.666666666667 1.20319819143944 1.14334258286545 1.29918886165606 3.11800449011332 6.23600898022664 2.91013752410577
"35" "AB" 56 2 10 2 6.69501968792891 6.63029455724922 6.74435830847598 956.666666666667 1.15501409493172 1.11227805640769 1.20797352748714 0.795774715459477 1.59154943091895 0.742723067762178
"36" "AB" 56 4 3.981 1 6.93611414302218 6.88090736317569 7.00178917652877 956.666666666667 0.924636092460383 0.851640782200128 0.982394474939628 0.158398957112209 0.158398957112209 0.147839026638062
"37" "AB" 56 2 15.849 1 6.73450033076566 6.66034509572322 6.79597966245017 956.666666666667 1.12098620664394 1.06524924519886 1.18381148250806 1.26122334653172 1.26122334653172 1.17714179009628
"38" "AB" 56 4 3.981 2 6.89978463220372 6.84076475839669 6.96412554101665 956.666666666667 0.963002402860225 0.894087793194319 1.02243477371241 0.158398957112209 0.316797914224418 0.147839026638062
"39" "AB" 56 4 25.119 1 6.7995121947842 6.7502366291602 6.84822612986594 956.666666666667 1.06194136878292 1.01511351708174 1.10704437458545 0.99945325388133 0.99945325388133 0.932823036955908
"40" "AB" 56 4 6.31 1 6.89303126448063 6.83584963264859 6.95301702400861 956.666666666667 0.969982034425189 0.906304855400361 1.0272278408134 0.251066922727465 0.251066922727465 0.234329127878967
"41" "AB" 56 4 25.119 2 6.74400252719788 6.6883779099232 6.80130320983304 956.666666666667 1.11259383507798 1.0602597862374 1.16060770740233 0.99945325388133 1.99890650776266 0.932823036955908
"42" "AB" 56 4 6.31 2 6.80133731029839 6.75450404306017 6.85261155829313 956.666666666667 1.06022774011242 1.01078488338271 1.10322562103172 0.251066922727465 0.50213384545493 0.234329127878967
"43" "AB" 56 4 39.182 1 6.74853797488563 6.69674938776547 6.79406886603303 956.666666666667 1.10855990992586 1.06703365822412 1.1535512581803 1.55900224505666 1.55900224505666 1.45506876205288
"44" "AB" 56 4 10 1 6.90207860272965 6.85095349777618 6.95462290489686 956.666666666667 0.960620830352737 0.904547100275154 1.01242370290392 0.397887357729738 0.397887357729738 0.371361533881089
"45" "AB" 56 4 39.182 2 6.6977528629934 6.62983015274086 6.75249321287042 956.666666666667 1.15270144152249 1.10502707021514 1.20834126275615 1.55900224505666 3.11800449011332 1.45506876205288
"46" "AB" 56 4 10 2 6.76897551247627 6.71306996735877 6.82031011104969 956.666666666667 1.09015362063752 1.04222740989202 1.13962337772973 0.397887357729738 0.795774715459477 0.371361533881089
"47" "AB" 56 4 15.849 1 6.84047075822995 6.79558365485126 6.88282321632787 956.666666666667 1.02272213580762 0.980443023436406 1.06561934031577 0.630611673265862 0.630611673265862 0.588570895048138
"48" "AB" 56 4 15.849 2 6.76226240313128 6.7038113544452 6.81220455331292 956.666666666667 1.09624106317434 1.04995931289458 1.14755250881587 0.630611673265862 1.26122334653172 0.588570895048138
"49" "AD" 112 2 10 1 7.66718912191745 7.61248670884731 7.7252850890223 1906.66666666667 0.879161208248995 0.812116332321014 0.938826986121297 0.795774715459477 0.795774715459477 1.48544613552436
"50" "AD" 112 2 10 2 7.61017985846588 7.56083295274166 7.66939199001342 1906.66666666667 0.941272132115815 0.876689426729148 0.992248957965011 0.795774715459477 1.59154943091895 1.48544613552436
"51" "AD" 112 2 15.849 1 7.56450926019511 7.52312432687322 7.60905941734725 1906.66666666667 0.988537336948236 0.942457710043265 1.02954230555978 1.26122334653172 1.26122334653172 2.35428358019255
"52" "AD" 112 2 3.981 1 7.71425157266764 7.60007643340971 7.9418952546642 1906.66666666667 0.825150825814192 0.524814921368555 0.951915054265769 0.316797914224418 0.316797914224418 0.591356106552246
"53" "AD" 112 2 15.849 2 7.47595786744701 7.42245100970421 7.53008307626158 1906.66666666667 1.07425265603803 1.02276558225903 1.12248461058543 1.26122334653172 2.52244669306345 2.35428358019255
"54" "AD" 112 2 3.981 2 7.60312378856392 7.53350098461163 7.69628452291513 1906.66666666667 0.948716295803205 0.846070900593374 1.01941977000002 0.316797914224418 0.633595828448835 0.591356106552246
"55" "AD" 112 2 25.119 1 7.466705323277 7.39877234508742 7.52713451520449 1906.66666666667 1.08277866974349 1.02564277373493 1.14301893112141 1.99890650776266 1.99890650776266 3.73129214782363
"56" "AD" 112 2 6.31 1 7.73217285653943 7.65139827362756 7.86520437367269 1906.66666666667 0.803906223578673 0.633718825291872 0.896721195140787 0.50213384545493 0.50213384545493 0.937316511515869
"57" "AD" 112 2 25.119 2 7.41353897023827 7.35956206284617 7.46111022749089 1906.66666666667 1.13027031757268 1.08789628083062 1.17597114613523 1.99890650776266 3.99781301552532 3.73129214782363
"58" "AD" 112 2 6.31 2 7.62500426618864 7.57125317932638 7.68473827032197 1906.66666666667 0.925460206893691 0.859317834061142 0.981693061865524 0.50213384545493 1.00426769090986 0.937316511515869
"59" "AD" 112 2 39.182 1 7.44900264108401 7.38927639910028 7.50052009625673 1906.66666666667 1.09887307011649 1.05123268437339 1.15111826080324 3.11800449011332 3.11800449011332 5.82027504821153
"60" "AD" 112 4 10 2 7.63504150643776 7.58427901440174 7.69384960347783 1906.66666666667 0.914620483383409 0.848877207035225 0.968341998030517 0.397887357729738 0.795774715459477 0.742723067762178
"61" "AD" 112 2 39.182 2 7.30551037758863 7.1740421768292 7.38271750896804 1906.66666666667 1.21932895739128 1.15666776368155 1.31550204297133 3.11800449011332 6.23600898022664 5.82027504821153
"62" "AD" 112 4 15.849 1 7.68833350012834 7.62398486120602 7.76770335998072 1906.66666666667 0.855209438651057 0.760644403524098 0.926555039978852 0.630611673265862 0.630611673265862 1.17714179009628
"63" "AD" 112 4 3.981 1 7.53203256943579 7.44968429958195 7.61102410295715 1906.66666666667 1.02085861222346 0.940377929535905 1.09825859988138 0.158398957112209 0.158398957112209 0.295678053276123
"64" "AD" 112 4 15.849 2 7.59505665112468 7.54646466610155 7.64382606178274 1906.66666666667 0.957163029642703 0.905043905544391 1.00662508630679 0.630611673265862 1.26122334653172 1.17714179009628
"65" "AD" 112 4 3.981 2 7.52230820381772 7.46918138719466 7.57696943127554 1906.66666666667 1.03033399535651 0.975855494237366 1.08050475708836 0.158398957112209 0.316797914224418 0.295678053276123
"66" "AD" 112 4 25.119 1 7.6197878734959 7.56699584719247 7.67514435871325 1906.66666666667 0.93105083428748 0.870209109429404 0.986019117453587 0.99945325388133 0.99945325388133 1.86564607391182
"67" "AD" 112 4 6.31 1 7.56033460410356 7.50532838371152 7.61896185271435 1906.66666666667 0.992751044206964 0.931933443935633 1.04665975321877 0.251066922727465 0.251066922727465 0.468658255757934
"68" "AD" 112 4 25.119 2 7.51820006317832 7.4673523242572 7.57017929451916 1906.66666666667 1.03430934843113 0.982786019255261 1.08218503462321 0.99945325388133 1.99890650776266 1.86564607391182
"69" "AD" 112 4 6.31 2 7.58311640377532 7.53440660054777 7.63977156861777 1906.66666666667 0.969540717629346 0.909474409751406 1.01853133868902 0.251066922727465 0.50213384545493 0.468658255757934
"70" "AD" 112 4 39.182 1 7.51660597260388 7.44908734634833 7.58043238389279 1906.66666666667 1.03584752047812 0.972302782454761 1.09879673668883 1.55900224505666 1.55900224505666 2.91013752410577
"71" "AD" 112 4 10 1 7.71055115877863 7.64627184729118 7.80682034404857 1906.66666666667 0.829490220286423 0.711203872242492 0.902362600183905 0.397887357729738 0.397887357729738 0.742723067762178
"72" "AD" 112 4 39.182 2 7.45663985052854 7.39268994560665 7.513237381327 1906.66666666667 1.09196462798613 1.03908989193208 1.14821561216357 1.55900224505666 3.11800449011332 2.91013752410577
"73" "AD" 56 2 3.981 1 6.81817350347518 6.75115563960867 6.88320300080021 956.666666666667 1.0442716094589 0.980055737990201 1.10622336183381 0.316797914224418 0.316797914224418 0.295678053276123
"74" "AD" 56 2 15.849 2 6.78420754909269 6.72623260218224 6.84454574083895 956.666666666667 1.07618872033982 1.01873162038844 1.12822369409088 1.26122334653172 2.52244669306345 1.17714179009628
"75" "AD" 56 2 3.981 2 6.76870116404155 6.7095793639809 6.82366195154445 956.666666666667 1.09040320132992 1.03901172271512 1.14262137581849 0.316797914224418 0.633595828448835 0.295678053276123
"76" "AD" 56 2 25.119 1 6.80178674673165 6.75850513602931 6.84818998429214 956.666666666667 1.05980527729188 1.01514911572542 1.09963035566995 1.99890650776266 1.99890650776266 1.86564607391182
"77" "AD" 56 2 6.31 1 6.78591575973332 6.72110683503241 6.83812493590109 956.666666666667 1.0746093074811 1.02501196922171 1.1326807836814 0.50213384545493 0.50213384545493 0.468658255757934
"78" "AD" 56 2 25.119 2 6.75120287701034 6.69451066728009 6.80392497311446 956.666666666667 1.10618114115056 1.05779277730728 1.15544410075515 1.99890650776266 3.99781301552532 1.86564607391182
"79" "AD" 56 2 6.31 2 6.80128036038607 6.73882858046446 6.8564486983267 956.666666666667 1.06028125853626 1.00698183470799 1.11717336995537 0.50213384545493 1.00426769090986 0.468658255757934
"80" "AD" 56 2 39.182 1 6.70479251454719 6.63856349561162 6.76057128857706 956.666666666667 1.14671571089924 1.09776813147826 1.20139715707551 3.11800449011332 3.11800449011332 2.91013752410577
"81" "AD" 56 2 10 1 6.88416181731527 6.82391014921624 6.94813152301765 956.666666666667 0.979077329605244 0.911635073119291 1.03877317806019 0.795774715459477 0.795774715459477 0.742723067762178
"82" "AD" 56 2 39.182 2 6.70353822892271 6.62360791820432 6.76178794070386 956.666666666667 1.14778530218994 1.09666976112473 1.21325185581802 3.11800449011332 6.23600898022664 2.91013752410577
"83" "AD" 56 2 10 2 6.8216849274959 6.77931221377412 6.86352336060426 956.666666666667 1.04090974281578 0.999931657146032 1.08070003511635 0.795774715459477 1.59154943091895 0.742723067762178
"84" "AD" 56 4 3.981 1 6.75977405757249 6.6949497027205 6.81709946134577 956.666666666667 1.0984871320543 1.04529755096379 1.1550732293771 0.158398957112209 0.158398957112209 0.147839026638062
"85" "AD" 56 2 15.849 1 6.83672503583925 6.78977052783237 6.88498289023353 956.666666666667 1.02637590012007 0.978238733421748 1.07103525681782 1.26122334653172 1.26122334653172 1.17714179009628
"86" "AD" 56 4 3.981 2 6.73573428356046 6.67862341193797 6.78781900976986 956.666666666667 1.11990087563105 1.0728463804985 1.16875575317399 0.158398957112209 0.316797914224418 0.147839026638062
"87" "AD" 56 4 25.119 1 6.88621780089959 6.83435946040286 6.93544733727095 956.666666666667 0.976976170119483 0.925352912282245 1.02867635934733 0.99945325388133 0.99945325388133 0.932823036955908
"88" "AD" 56 4 6.31 1 6.68460252831855 6.58751565816929 6.75546554176567 956.666666666667 1.16377075900242 1.10236295896945 1.24114105488163 0.251066922727465 0.251066922727465 0.234329127878967
"89" "AD" 56 4 25.119 2 6.82327818566638 6.77799084518012 6.87583782200541 956.666666666667 1.03938044646885 0.987540213756071 1.08191396701604 0.99945325388133 1.99890650776266 0.932823036955908
"90" "AD" 56 4 6.31 2 6.79476895563957 6.7369525333896 6.84706974577844 956.666666666667 1.06638026949635 1.01625176588534 1.11882804166595 0.251066922727465 0.50213384545493 0.234329127878967
"91" "AD" 56 4 39.182 1 6.77610559977736 6.72914427369089 6.82686396537855 956.666666666667 1.083643154006 1.03592969323964 1.12568166888377 1.55900224505666 1.55900224505666 1.45506876205288
"92" "AD" 56 4 10 1 6.8324330924792 6.76539784906846 6.89484874613485 956.666666666667 1.03054568496964 0.968108293440095 1.09340292880438 0.397887357729738 0.397887357729738 0.371361533881089
"93" "AD" 56 4 39.182 2 6.76769441325861 6.71216005682906 6.82550889318847 956.666666666667 1.09131847781418 1.03723519337839 1.14040588741696 1.55900224505666 3.11800449011332 1.45506876205288
"94" "AD" 56 4 10 2 6.79225234893492 6.74726065232247 6.83579038082019 956.666666666667 1.06872686919697 1.02728547763489 1.1096978395603 0.397887357729738 0.795774715459477 0.371361533881089
"95" "AD" 56 4 15.849 1 6.8299138428996 6.75807830841584 6.90034638471734 956.666666666667 1.03298490854867 0.962419703202243 1.10001457629267 0.630611673265862 0.630611673265862 0.588570895048138
"96" "AD" 56 4 15.849 2 6.82495030079894 6.77636485129896 6.8712732795584 956.666666666667 1.03777283629667 0.992151098131892 1.08340555630189 0.630611673265862 1.26122334653172 0.588570895048138
"97" "FE" 112 2 10 1 7.58708331812977 7.53263107003553 7.64893653179969 1906.66666666667 0.965444855314109 0.899433842433929 1.02027242011498 0.795774715459477 0.795774715459477 1.48544613552436
"98" "FE" 112 2 10 2 7.50318396682673 7.43634098092628 7.56219570193853 1906.66666666667 1.04870192172802 0.990874709876775 1.110210903693 0.795774715459477 1.59154943091895 1.48544613552436
"99" "FE" 112 2 15.849 1 7.50629241599145 7.46265881038779 7.55012101295982 1906.66666666667 1.04574025930742 1.00298631481052 1.08648271838409 1.26122334653172 1.26122334653172 2.35428358019255
"100" "FE" 112 2 3.981 1 7.88142119755992 7.77712508833108 8.11480091393543 1906.66666666667 0.611381453016424 0.246367908022958 0.748912350442761 0.316797914224418 0.316797914224418 0.591356106552246
"101" "FE" 112 2 15.849 2 7.43886767981297 7.3820666990818 7.48836780052517 1906.66666666667 1.10795983188126 1.06269261212623 1.15721643407891 1.26122334653172 2.52244669306345 2.35428358019255
"102" "FE" 112 2 3.981 2 7.72670598245058 7.66686937473844 7.81094400623202 1906.66666666667 0.810427276524083 0.705878339586001 0.879519536000586 0.316797914224418 0.633595828448835 0.591356106552246
"103" "FE" 112 2 25.119 1 7.3877883096444 7.31501921583629 7.45024127657057 1906.66666666667 1.15238053334846 1.09775621077522 1.21187027723072 1.99890650776266 1.99890650776266 3.73129214782363
"104" "FE" 112 2 6.31 1 7.62556245025943 7.57759632249908 7.68156055509348 1906.66666666667 0.924860248469715 0.862936844013834 0.975213265752392 0.50213384545493 0.50213384545493 0.937316511515869
"105" "FE" 112 2 25.119 2 7.30632059872201 7.17756641142206 7.38800802152083 1906.66666666667 1.21869618490613 1.15219428082475 1.31308545578355 1.99890650776266 3.99781301552532 3.73129214782363
"106" "FE" 112 2 6.31 2 7.64600569424231 7.58921893791821 7.71223932730838 1906.66666666667 0.902654700850953 0.827512533648056 0.963233077957776 0.50213384545493 1.00426769090986 0.937316511515869
"107" "FE" 112 2 39.182 1 7.40273096453734 7.31847895415601 7.46949017118035 1906.66666666667 1.13961974559191 1.0802207878421 1.20913883231017 3.11800449011332 3.11800449011332 5.82027504821153
"108" "FE" 112 4 10 2 7.63059954911236 7.58579155927817 7.68135740053265 1906.66666666667 0.919431000911611 0.863167820117201 0.966780388300736 0.397887357729738 0.795774715459477 0.742723067762178
"109" "FE" 112 2 39.182 2 7.2615727802183 7.14359007564485 7.33123633290406 1906.66666666667 1.25288713593823 1.19898488569861 1.33603226334479 3.11800449011332 6.23600898022664 5.82027504821153
"110" "FE" 112 4 15.849 1 7.57100680637975 7.49979011859814 7.65057029927443 1906.66666666667 0.981943914243552 0.89763430362819 1.05192501059492 0.630611673265862 0.630611673265862 1.17714179009628
"111" "FE" 112 4 3.981 1 7.75229882921228 7.69414558168715 7.8432722276971 1906.66666666667 0.779589797845167 0.663358089051614 0.848536449346317 0.158398957112209 0.158398957112209 0.295678053276123
"112" "FE" 112 4 15.849 2 7.47841131658127 7.42379663953588 7.52713432962042 1906.66666666667 1.07197859351079 1.02564295456009 1.12130300487604 0.630611673265862 1.26122334653172 1.17714179009628
"113" "FE" 112 4 3.981 2 7.81653545592429 7.72015004725681 8.01617043365349 1906.66666666667 0.698622055758353 0.411073488925813 0.818200529893431 0.158398957112209 0.316797914224418 0.295678053276123
"114" "FE" 112 4 25.119 1 7.46072452899293 7.40431424857339 7.51017024505116 1906.66666666667 1.08824801003002 1.04203261900295 1.13825644030521 0.99945325388133 0.99945325388133 1.86564607391182
"115" "FE" 112 4 6.31 1 7.85088053242452 7.74857442581457 8.10162555376482 1906.66666666667 0.653149725153685 0.269321102105613 0.784126643981809 0.251066922727465 0.251066922727465 0.468658255757934
"116" "FE" 112 4 25.119 2 7.43168487446991 7.36843655550558 7.48789314165675 1906.66666666667 1.11434422638658 1.06313740781886 1.16862576305441 0.99945325388133 1.99890650776266 1.86564607391182
"117" "FE" 112 4 6.31 2 7.71869226351108 7.65190876856005 7.82064669211238 1906.66666666667 0.819922082820845 0.693260770456014 0.896157833117281 0.251066922727465 0.50213384545493 0.468658255757934
"118" "FE" 112 4 39.182 1 7.42508558137806 7.3650999608337 7.47334745722117 1906.66666666667 1.12016968531783 1.07666608498098 1.17139509925831 1.55900224505666 1.55900224505666 2.91013752410577
"119" "FE" 112 4 10 1 7.65339653571046 7.5980256749879 7.73155271450348 1906.66666666667 0.894514350745766 0.804647741661342 0.954062220882481 0.397887357729738 0.397887357729738 0.742723067762178
"120" "FE" 112 4 39.182 2 7.29580860720357 7.20933677959635 7.35066337491845 1906.66666666667 1.22686622704323 1.1832713922697 1.29091155641855 1.55900224505666 3.11800449011332 2.91013752410577
"121" "FE" 56 2 3.981 1 7.0457371672228 6.96085158224481 7.19533416859014 956.666666666667 0.800047290656188 0.60641557842594 0.89770258359844 0.316797914224418 0.316797914224418 0.295678053276123
"122" "FE" 56 2 15.849 2 6.64989660977275 6.45385996467577 6.74229429052338 956.666666666667 1.19229501952788 1.11410844081324 1.33608095386503 1.26122334653172 2.52244669306345 1.17714179009628
"123" "FE" 56 2 3.981 2 6.9988845831223 6.91986908393771 7.11972169950265 956.666666666667 0.854971459339327 0.707902742258319 0.94196431261795 0.316797914224418 0.633595828448835 0.295678053276123
"124" "FE" 56 2 25.119 1 6.7672027328673 6.70202935022628 6.82683730952374 956.666666666667 1.09176514888189 1.03595539101527 1.14907022115504 1.99890650776266 1.99890650776266 1.86564607391182
"125" "FE" 56 2 6.31 1 6.89853200923814 6.8247407066305 6.99200944798581 956.666666666667 0.964300556647287 0.862816685893158 1.03797449236519 0.50213384545493 0.50213384545493 0.468658255757934
"126" "FE" 56 2 25.119 2 6.76464779372174 6.7109215121374 6.81797925114003 956.666666666667 1.09408267183064 1.04445724389999 1.14146987410853 1.99890650776266 3.99781301552532 1.86564607391182
"127" "FE" 56 2 6.31 2 6.93112015190761 6.87292523256928 7.0003973788341 956.666666666667 0.9299930627949 0.853237954184143 0.990484803162377 0.50213384545493 1.00426769090986 0.468658255757934
"128" "FE" 56 2 39.182 1 6.85071023781047 6.7917106570901 6.90646678694364 956.666666666667 1.01266391146234 0.956049821208063 1.06923119565014 3.11800449011332 3.11800449011332 2.91013752410577
"129" "FE" 56 2 10 1 6.83206080945634 6.76430810613543 6.89419175421103 956.666666666667 1.03090652918031 0.96878601530428 1.09439034844132 0.795774715459477 0.795774715459477 0.742723067762178
"130" "FE" 56 2 39.182 2 6.7323147465335 6.64907872734935 6.7987811838258 956.666666666667 1.12290526743214 1.06262684934454 1.19295535715862 3.11800449011332 6.23600898022664 2.91013752410577
"131" "FE" 56 2 10 2 6.80454308430264 6.72646752067306 6.8845517056615 956.666666666667 1.05721020845374 0.978679206146842 1.12801887365965 0.795774715459477 1.59154943091895 0.742723067762178
"132" "FE" 56 4 3.981 1 7.10233427641629 6.99506925493172 7.30386291201549 956.666666666667 0.730174796027405 0.446659315560648 0.859331795663137 0.158398957112209 0.158398957112209 0.147839026638062
"133" "FE" 56 2 15.849 1 6.76216107464822 6.69742651123906 6.81477745094362 956.666666666667 1.09633263505696 1.04751180822233 1.15297791377745 1.26122334653172 1.26122334653172 1.17714179009628
"134" "FE" 56 4 3.981 2 7.02151942011286 6.95264354223138 7.12709908348967 956.666666666667 0.828758379728737 0.698335196302621 0.906713254337186 0.158398957112209 0.316797914224418 0.147839026638062
"135" "FE" 56 4 25.119 1 6.77920015105638 6.70966423600954 6.8373934933411 956.666666666667 1.08080304859673 1.02572485621317 1.1425486052673 0.99945325388133 0.99945325388133 0.932823036955908
"136" "FE" 56 4 6.31 1 6.87456382230044 6.80642344373751 6.95476507671382 956.666666666667 0.988829265924654 0.904391346674376 1.05543575699367 0.251066922727465 0.251066922727465 0.234329127878967
"137" "FE" 56 4 25.119 2 6.69552857380142 6.60837266310673 6.75617243526547 956.666666666667 1.15458398411278 1.1017282008532 1.2251473191926 0.99945325388133 1.99890650776266 0.932823036955908
"138" "FE" 56 4 6.31 2 6.92252982750175 6.8622228422965 6.99806542733275 956.666666666667 0.939145402436714 0.855909032036136 1.0012314189697 0.251066922727465 0.50213384545493 0.234329127878967
"139" "FE" 56 4 39.182 1 6.77153269841669 6.67288987077925 6.84579354476783 956.666666666667 1.08782399689722 1.01750642560661 1.17350808939962 1.55900224505666 1.55900224505666 1.45506876205288
"140" "FE" 56 4 10 1 6.81739975552708 6.72614707321885 6.90453652684191 956.666666666667 1.04501081632325 0.958062973008008 1.12829825302611 0.397887357729738 0.397887357729738 0.371361533881089
"141" "FE" 56 4 39.182 2 6.78184041216938 6.72219339890703 6.83161344657874 956.666666666667 1.07837292195803 1.03133996866449 1.13173787378003 1.55900224505666 3.11800449011332 1.45506876205288
"142" "FE" 56 4 10 2 6.84016898527194 6.78461655341007 6.89547980739222 956.666666666667 1.02301700734512 0.967456901049645 1.07581080025779 0.397887357729738 0.795774715459477 0.371361533881089
"143" "FE" 56 4 15.849 1 6.83213898448858 6.77594249752659 6.88674281627794 956.666666666667 1.03083076730568 0.976438925857977 1.08379260168213 0.630611673265862 0.630611673265862 0.588570895048138
"144" "FE" 56 4 15.849 2 6.80840281436096 6.7478151848566 6.86734537271723 956.666666666667 1.05356426269971 0.996102070123663 1.10920400113505 0.630611673265862 1.26122334653172 0.588570895048138
"145" "MA" 112 2 10 1 7.55405691015488 7.50008287393547 7.6084095379638 1906.66666666667 0.999054438789456 0.943144761700109 1.0516474159499 0.795774715459477 0.795774715459477 1.48544613552436
"146" "MA" 112 2 10 2 7.44455743911298 7.38404468154709 7.49401903938151 1906.66666666667 1.10286987144544 1.05738066880236 1.15554777321656 0.795774715459477 1.59154943091895 1.48544613552436
"147" "MA" 112 2 15.849 1 7.48138783418718 7.42446293364907 7.53461846756826 1906.66666666667 1.06921220639816 1.01832337581858 1.12071733914976 1.26122334653172 1.26122334653172 2.35428358019255
"148" "MA" 112 2 3.981 1 7.58892840175623 7.53525337801186 7.64282109459268 1906.66666666667 0.963534252487004 0.906143747748653 1.01769990117331 0.316797914224418 0.316797914224418 0.591356106552246
"149" "MA" 112 2 15.849 2 7.42380856755247 7.34873645364577 7.48814523585104 1906.66666666667 1.12129252370119 1.06290120042652 1.18484364870427 1.26122334653172 2.52244669306345 2.35428358019255
"150" "MA" 112 2 3.981 2 7.56508960098256 7.51061699488679 7.63114671554048 1906.66666666667 0.987950173548933 0.918839588046172 1.04160455162054 0.316797914224418 0.633595828448835 0.591356106552246
"151" "MA" 112 2 25.119 1 7.46876235458792 7.40551621722396 7.52757325278238 1906.66666666667 1.08088997486183 1.02521519281443 1.13722002881936 1.99890650776266 1.99890650776266 3.73129214782363
"152" "MA" 112 2 6.31 1 7.56433911390483 7.51986893483695 7.61028544426801 1906.66666666667 0.98870941892814 0.941160339582894 1.03269638913505 0.50213384545493 0.50213384545493 0.937316511515869
"153" "MA" 112 2 25.119 2 7.49375597926866 7.44376802177636 7.54231821572028 1906.66666666667 1.05762860173793 1.0107355383145 1.10357780205902 1.99890650776266 3.99781301552532 3.73129214782363
"154" "MA" 112 2 6.31 2 7.53914396325833 7.47315599834721 7.60092683519272 1906.66666666667 1.01387073488233 0.951023381873014 1.07684284853062 0.50213384545493 1.00426769090986 0.937316511515869
"155" "MA" 112 2 39.182 1 7.47349509814721 7.40977879624807 7.53318132679725 1906.66666666667 1.07652975304288 1.01973317004011 1.13353451168812 3.11800449011332 3.11800449011332 5.82027504821153
"156" "MA" 112 4 10 2 7.58547052640929 7.52588680681908 7.6543448053046 1906.66666666667 0.967112032519667 0.893465555125907 1.02685772930378 0.397887357729738 0.795774715459477 0.742723067762178
"157" "MA" 112 2 39.182 2 7.52231701989738 7.47464775780623 7.57368498318309 1906.66666666667 1.03032544666609 0.97921372571828 1.07546469243464 3.11800449011332 6.23600898022664 5.82027504821153
"158" "MA" 112 4 15.849 1 7.54976794151255 7.49133367998202 7.60774901862564 1906.66666666667 1.00333826973902 0.943842604527923 1.05990854483662 0.630611673265862 0.630611673265862 1.17714179009628
"159" "MA" 112 4 3.981 1 7.62213141269737 7.57135852344912 7.67206779305923 1906.66666666667 0.928542772290344 0.873679643878555 0.981585783563973 0.158398957112209 0.158398957112209 0.295678053276123
"160" "MA" 112 4 15.849 2 7.50296715675068 7.44366366890815 7.55310492116874 1906.66666666667 1.04890815037968 1.00000687451336 1.10367134140587 0.630611673265862 1.26122334653172 1.17714179009628
"161" "MA" 112 4 3.981 2 7.59753364752708 7.53062140774589 7.67029739467709 1906.66666666667 0.954576724406808 0.875671915537172 1.02223936457734 0.158398957112209 0.316797914224418 0.295678053276123
"162" "MA" 112 4 25.119 1 7.50352050058232 7.45245546933688 7.55275807690574 1906.66666666667 1.04838172393739 1.00035365624888 1.09575625577782 0.99945325388133 0.99945325388133 1.86564607391182
"163" "MA" 112 4 6.31 1 7.62511599480804 7.55489676817188 7.72882273019665 1906.66666666667 0.925340143338977 0.807906584249214 0.998213433522217 0.251066922727465 0.251066922727465 0.468658255757934
"164" "MA" 112 4 25.119 2 7.48979781125293 7.43652433921927 7.54273417549253 1906.66666666667 1.06135129368506 1.01032395849994 1.11004773852479 0.99945325388133 1.99890650776266 1.86564607391182
"165" "MA" 112 4 6.31 2 7.61545946679602 7.55754076073435 7.68407085601827 1906.66666666667 0.935667682012773 0.860078887657385 0.99556121261016 0.251066922727465 0.50213384545493 0.468658255757934
"166" "MA" 112 4 39.182 1 7.42378227376774 7.35747911462989 7.47496254837323 1906.66666666667 1.12131562794266 1.07517361162862 1.17768576921108 1.55900224505666 1.55900224505666 2.91013752410577
"167" "MA" 112 4 10 1 7.57314318997033 7.51947064093833 7.6261454357421 1906.66666666667 0.97976663099967 0.924233274862233 1.03308158354599 0.397887357729738 0.397887357729738 0.742723067762178
"168" "MA" 112 4 39.182 2 7.48277154447756 7.42137827772514 7.53858551345499 1906.66666666667 1.0679233742705 1.01442128483493 1.12342544468415 1.55900224505666 3.11800449011332 2.91013752410577
"169" "MA" 56 2 3.981 1 6.9529982066524 6.89250244383425 7.03383456730486 956.666666666667 0.906325435657847 0.814245184133291 0.970526585193992 0.316797914224418 0.316797914224418 0.295678053276123
"170" "MA" 56 2 15.849 2 6.78489446877963 6.69205609351839 6.86585820978362 956.666666666667 1.07555391818072 0.997593920326987 1.15751458339001 1.26122334653172 2.52244669306345 1.17714179009628
"171" "MA" 56 2 3.981 2 6.85558822607849 6.73839158363402 6.97173972439713 956.666666666667 1.00783593176509 0.885635035262406 1.11755907811177 0.316797914224418 0.633595828448835 0.295678053276123
"172" "MA" 56 2 25.119 1 6.70126820233318 6.52646737538293 6.79428344818584 956.666666666667 1.14971765813449 1.06683343881701 1.28608233948678 1.99890650776266 1.99890650776266 1.86564607391182
"173" "MA" 56 2 6.31 1 6.92394830372977 6.86854623844151 6.99351886339994 956.666666666667 0.937639537644477 0.861098907775913 0.994895799369362 0.50213384545493 0.50213384545493 0.468658255757934
"174" "MA" 56 2 25.119 2 6.8260881644999 6.74595527814957 6.89530374908208 956.666666666667 1.03667732978467 0.967638672841111 1.11085925879835 1.99890650776266 3.99781301552532 1.86564607391182
"175" "MA" 56 2 6.31 2 6.83667083231803 6.7545823277799 6.91905196699278 956.666666666667 1.02642867254438 0.94282849838795 1.10315541455279 0.50213384545493 1.00426769090986 0.468658255757934
"176" "MA" 56 2 39.182 1 6.79837946271487 6.7305736136607 6.85508184961796 956.666666666667 1.06300333630154 1.00833821311176 1.12443107719934 3.11800449011332 3.11800449011332 2.91013752410577
"177" "MA" 56 2 10 1 6.84811857931468 6.79035144643533 6.90739454883041 956.666666666667 1.01521943646996 0.955080834595568 1.07049544713945 0.795774715459477 0.795774715459477 0.742723067762178
"178" "MA" 56 2 39.182 2 6.81002350085819 6.73112179367807 6.87817657233088 956.666666666667 1.05202914344227 0.985169551989061 1.12395097623317 3.11800449011332 6.23600898022664 2.91013752410577
"179" "MA" 56 2 10 2 6.75004864420752 6.62755188252919 6.83352411127691 956.666666666667 1.10721222102964 1.02948741489712 1.21014282227608 0.795774715459477 1.59154943091895 0.742723067762178
"180" "MA" 56 4 3.981 1 6.93082961952387 6.86875974797011 6.99505136171109 956.666666666667 0.930303889306208 0.859352205708374 0.994681177134157 0.158398957112209 0.158398957112209 0.147839026638062
"181" "MA" 56 2 15.849 1 6.87419244258314 6.80862255199314 6.94399475460981 956.666666666667 0.98920472450285 0.916128087078557 1.05335627230097 1.26122334653172 1.26122334653172 1.17714179009628
"182" "MA" 56 4 3.981 2 6.9139011184395 6.85153604736668 6.98413743163096 956.666666666667 0.948259828699342 0.871733468962501 1.01184822312998 0.158398957112209 0.316797914224418 0.147839026638062
"183" "MA" 56 4 25.119 1 6.88901165439396 6.81687730279404 6.96322624945337 956.666666666667 0.974113995030371 0.895081883656042 1.04550962271956 0.99945325388133 0.99945325388133 0.932823036955908
"184" "MA" 56 4 6.31 1 6.91249677288912 6.82735782254011 7.0218574511064 956.666666666667 0.949735798700537 0.828362396836689 1.03545346262914 0.251066922727465 0.251066922727465 0.234329127878967
"185" "MA" 56 4 25.119 2 6.81650173175825 6.75741401135639 6.87251672477 956.666666666667 1.04586803435048 0.99089711377199 1.10061223542959 0.99945325388133 1.99890650776266 0.932823036955908
"186" "MA" 56 4 6.31 2 6.94779716184468 6.86929040236252 7.05161469688985 956.666666666667 0.911998919261461 0.792973765945412 0.994147558714069 0.251066922727465 0.50213384545493 0.234329127878967
"187" "MA" 56 4 39.182 1 6.80655886343906 6.75298728400965 6.85808727619996 956.666666666667 1.05530783572445 1.00535336329034 1.10458478066789 1.55900224505666 1.55900224505666 1.45506876205288
"188" "MA" 56 4 10 1 6.88426374639039 6.81130441974764 6.9651858859843 956.666666666667 0.978973262598041 0.892914522825433 1.05081409164019 0.397887357729738 0.397887357729738 0.371361533881089
"189" "MA" 56 4 39.182 2 6.74173043055224 6.63147255273648 6.81504467936928 956.666666666667 1.11460781879938 1.04725724229027 1.20703997412386 1.55900224505666 3.11800449011332 1.45506876205288
"190" "MA" 56 4 10 2 6.85274929703648 6.78489710070069 6.91827399755358 956.666666666667 1.01064862075153 0.94365062567178 1.07555148510841 0.397887357729738 0.795774715459477 0.371361533881089
"191" "MA" 56 4 15.849 1 6.90810668873075 6.84704491138266 6.97680012803301 956.666666666667 0.954336440940506 0.879981606491662 1.01627619637497 0.630611673265862 0.630611673265862 0.588570895048138
"192" "MA" 56 4 15.849 2 6.82779760736548 6.75075239089825 6.89249139416534 956.666666666667 1.03502917640816 0.970537960471524 1.10658370345203 0.630611673265862 1.26122334653172 0.588570895048138
"193" "MC" 112 2 10 1 7.5894532278803 7.54142559417876 7.64414524934425 1906.66666666667 0.962990145417697 0.904694353395261 1.01161818309079 0.795774715459477 0.795774715459477 1.48544613552436
"194" "MC" 112 2 10 2 7.49473526121904 7.44404154130987 7.54170113642362 1906.66666666667 1.05670530242567 1.01134580462201 1.10333257954256 0.795774715459477 1.59154943091895 1.48544613552436
"195" "MC" 112 2 15.849 1 7.52201116146848 7.47310846778436 7.57112254693023 1906.66666666667 1.03062198444991 0.981826077052628 1.07688672566687 1.26122334653172 1.26122334653172 2.35428358019255
"196" "MC" 112 2 3.981 1 7.6659538438715 7.61441227710824 7.72921656376284 1906.66666666667 0.880544901002897 0.807437005386174 0.936781656467458 0.316797914224418 0.316797914224418 0.591356106552246
"197" "MC" 112 2 15.849 2 7.44239538937264 7.39715196040673 7.48417215778612 1906.66666666667 1.10480741611821 1.06661698068134 1.14440644565981 1.26122334653172 2.52244669306345 2.35428358019255
"198" "MC" 112 2 3.981 2 7.59913978542914 7.55667420804003 7.64808977982288 1906.66666666667 0.952896281309761 0.900365354567934 0.996431234733204 0.316797914224418 0.633595828448835 0.591356106552246
"199" "MC" 112 2 25.119 1 7.37803221505375 7.32496768664203 7.42118678047672 1906.66666666667 1.16060978110972 1.12359329022803 1.2039904606199 1.99890650776266 1.99890650776266 3.73129214782363
"200" "MC" 112 2 6.31 1 7.58173177098809 7.53073814885018 7.63199954570019 1906.66666666667 0.970966537991012 0.917917148553176 1.02212521305807 0.50213384545493 0.50213384545493 0.937316511515869
"201" "MC" 112 2 25.119 2 7.43052545285201 7.38696619987066 7.47104909769508 1906.66666666667 1.11537047979137 1.07878580141199 1.15307708323694 1.99890650776266 3.99781301552532 3.73129214782363
"202" "MC" 112 2 6.31 2 7.58882323792765 7.54046059785726 7.64264320418665 1906.66666666667 0.963643245462047 0.906338316974987 1.01257150785692 0.50213384545493 1.00426769090986 0.937316511515869
"203" "MC" 112 2 39.182 1 7.35531870089541 7.26703444454067 7.41661708748938 1906.66666666667 1.17946039052097 1.12758906314267 1.2487954928443 3.11800449011332 3.11800449011332 5.82027504821153
"204" "MC" 112 4 10 2 7.57292055843525 7.52303358004185 7.62571320525334 1906.66666666667 0.979993741838803 0.924698153565014 1.0296303675248 0.397887357729738 0.795774715459477 0.742723067762178
"205" "MC" 112 2 39.182 2 7.36416153146491 7.27969884265567 7.42362638074037 1906.66666666667 1.17217232169108 1.12145259803291 1.23922144307337 3.11800449011332 6.23600898022664 5.82027504821153
"206" "MC" 112 4 15.849 1 7.58578433265148 7.54131823826972 7.62933966277431 1906.66666666667 0.966787854966174 0.920791537790009 1.01172428602374 0.630611673265862 0.630611673265862 1.17714179009628
"207" "MC" 112 4 3.981 1 7.673253894463 7.62099568181414 7.72857318009338 1906.66666666667 0.872342921135414 0.80820403416835 0.929758968587336 0.158398957112209 0.158398957112209 0.295678053276123
"208" "MC" 112 4 15.849 2 7.53247657387966 7.48466855843811 7.57918303111594 1906.66666666667 1.02042377256788 0.973585937103945 1.06615353372383 0.630611673265862 1.26122334653172 1.17714179009628
"209" "MC" 112 4 3.981 2 7.6901219478814 7.62959777623287 7.76942763583897 1906.66666666667 0.853160208619683 0.758505569148992 0.920512943608415 0.158398957112209 0.316797914224418 0.295678053276123
"210" "MC" 112 4 25.119 1 7.55628560006324 7.50351384502148 7.60520878602897 1906.66666666667 0.996821153792904 0.946522085278104 1.04838805746965 0.99945325388133 0.99945325388133 1.86564607391182
"211" "MC" 112 4 6.31 1 7.60773927781839 7.55753228668087 7.65963077434971 1906.66666666667 0.943852892303435 0.887600961929352 0.995569724242102 0.251066922727465 0.251066922727465 0.468658255757934
"212" "MC" 112 4 25.119 2 7.47666882724357 7.43408482594382 7.52180611005868 1906.66666666667 1.07359425287334 1.03082073640075 1.11221614288018 0.99945325388133 1.99890650776266 1.86564607391182
"213" "MC" 112 4 6.31 2 7.59301284907453 7.55235963028026 7.63096234641832 1906.66666666667 0.959292205432612 0.919038902267975 1.00075188261997 0.251066922727465 0.50213384545493 0.468658255757934
"214" "MC" 112 4 39.182 1 7.42566638125835 7.38148931795277 7.46621257856299 1906.66666666667 1.11965853155173 1.08323051437438 1.15770290095382 1.55900224505666 1.55900224505666 2.91013752410577
"215" "MC" 112 4 10 1 7.58345315756703 7.5327982985928 7.63659319907367 1906.66666666667 0.9691936481236 0.912935000642916 1.02010856798528 0.397887357729738 0.397887357729738 0.742723067762178
"216" "MC" 112 4 39.182 2 7.41139660178518 7.36094587858103 7.45925906192114 1906.66666666667 1.13213160451391 1.0895831739906 1.17483005269184 1.55900224505666 3.11800449011332 2.91013752410577
"217" "MC" 56 2 3.981 1 7.21105842404128 7.13733221110819 7.29869599324829 997.777777777778 0.642658726920564 0.518336550042244 0.739130418276761 0.316797914224418 0.316797914224418 0.295678053276123
"218" "MC" 56 2 15.849 2 6.61750267782796 6.52669332788442 6.7009134086938 997.777777777778 1.25025933041503 1.18504075674372 1.3153429726285 1.26122334653172 2.52244669306345 1.17714179009628
"219" "MC" 56 2 3.981 2 7.10222972672368 7.04343574412367 7.17733676770399 997.777777777778 0.782622271294179 0.687667374735311 0.852133318376528 0.316797914224418 0.633595828448835 0.295678053276123
"220" "MC" 56 2 25.119 1 6.50300666265888 6.36808333957624 6.61466486223956 997.777777777778 1.33136965577297 1.25238394012334 1.41576223337787 1.99890650776266 1.99890650776266 1.86564607391182
"221" "MC" 56 2 6.31 1 7.13531678447491 7.05541416593949 7.22588939929172 997.777777777778 0.741669049341225 0.622378012446371 0.838301007841492 0.50213384545493 0.50213384545493 0.468658255757934
"222" "MC" 56 2 25.119 2 6.38903370615317 6.31033364808075 6.45293610971044 997.777777777778 1.40339312170249 1.36402401402104 1.44854604589593 1.99890650776266 3.99781301552532 1.86564607391182
"223" "MC" 56 2 6.31 2 6.90420855538232 6.84891244648068 6.96166759197189 997.777777777778 1.00132115508289 0.942257406980747 1.05504515668251 0.50213384545493 1.00426769090986 0.468658255757934
"224" "MC" 56 2 39.182 1 6.38127839154388 6.24418636945991 6.48661486685276 997.777777777778 1.40800210060054 1.34224036918394 1.48384295782308 3.11800449011332 3.11800449011332 2.91013752410577
"225" "MC" 56 2 10 1 6.90367590806144 6.82287014949678 6.99026504738756 997.777777777778 1.00185295705004 0.91157198912073 1.07933628018213 0.795774715459477 0.795774715459477 0.742723067762178
"226" "MC" 56 2 39.182 2 6.40885220650761 6.29127887767945 6.49678149414279 997.777777777778 1.39145132468463 1.33551906355933 1.45895439510232 3.11800449011332 6.23600898022664 2.91013752410577
"227" "MC" 56 2 10 2 6.73971362534624 6.67926598968023 6.80121908819253 997.777777777778 1.15279870710306 1.09905538672627 1.2024929420592 0.795774715459477 1.59154943091895 0.742723067762178
"228" "MC" 56 4 3.981 1 7.21663386619998 7.15159834948194 7.2984641181075 997.777777777778 0.635069813046501 0.518680071134763 0.721013758224653 0.158398957112209 0.158398957112209 0.147839026638062
"229" "MC" 56 2 15.849 1 6.67109952800826 6.61369086611048 6.72230100994897 997.777777777778 1.20897923181456 1.16742300424518 1.25311176076692 1.26122334653172 1.26122334653172 1.17714179009628
"230" "MC" 56 4 3.981 2 7.22393677734419 7.11704219921924 7.37470584763204 997.777777777778 0.62506536283115 0.401324836117887 0.764455683287139 0.158398957112209 0.316797914224418 0.147839026638062
"231" "MC" 56 4 25.119 1 6.75717480199057 6.70426168028925 6.81032268597589 997.777777777778 1.13787566792141 1.09081610268077 1.18230747853272 0.99945325388133 0.99945325388133 0.932823036955908
"232" "MC" 56 4 6.31 1 7.14189029258321 7.07464825227557 7.22094413210771 997.777777777778 0.733370154090144 0.629173903654668 0.81574051945599 0.251066922727465 0.251066922727465 0.234329127878967
"233" "MC" 56 4 25.119 2 6.63941078025903 6.57647271282528 6.69864978235277 997.777777777778 1.23365268924294 1.18688343360086 1.28039862860587 0.99945325388133 1.99890650776266 0.932823036955908
"234" "MC" 56 4 6.31 2 7.08662091676847 6.98960431532273 7.20685584071077 997.777777777778 0.801476559608283 0.648351097020698 0.912290910874302 0.251066922727465 0.50213384545493 0.234329127878967
"235" "MC" 56 4 39.182 1 6.58423188148612 6.50417117749291 6.66193039264408 997.777777777778 1.2747934023705 1.2161990579497 1.33059057227953 1.55900224505666 1.55900224505666 1.45506876205288
"236" "MC" 56 4 10 1 7.03771684171524 6.97375308701656 7.10057887758586 997.777777777778 0.858679120663893 0.784630320318978 0.929396505470903 0.397887357729738 0.397887357729738 0.371361533881089
"237" "MC" 56 4 39.182 2 6.48805673013148 6.35742348110889 6.58396434803339 997.777777777778 1.34129128566613 1.27498739344479 1.42195704869313 1.55900224505666 3.11800449011332 1.45506876205288
"238" "MC" 56 4 10 2 6.91561113820473 6.84091233183494 6.99855133725106 997.777777777778 0.989868465810317 0.902515488552793 1.06257474482101 0.397887357729738 0.795774715459477 0.371361533881089
"239" "MC" 56 4 15.849 1 6.89571058023311 6.83539700373713 6.96283673000914 997.777777777778 1.00977194493148 0.941020036694239 1.06773072115004 0.630611673265862 0.630611673265862 0.588570895048138
"240" "MC" 56 4 15.849 2 6.73772013832503 6.68483851342541 6.79031111483793 997.777777777778 1.1544859096179 1.10882946197272 1.19803640950754 0.630611673265862 1.26122334653172 0.588570895048138
"241" "MP" 112 2 10 1 7.41492737589871 7.35700165180617 7.46215260164057 1906.66666666667 1.12906194129442 1.08694503179937 1.17807829996882 0.795774715459477 0.795774715459477 1.48544613552436
"242" "MP" 112 2 10 2 7.38696201370589 7.34534541574685 7.42614999606824 1906.66666666667 1.1530806285884 1.11923268241465 1.18760319328057 0.795774715459477 1.59154943091895 1.48544613552436
"243" "MP" 112 2 15.849 1 7.40718051736039 7.35083573247757 7.45912997754349 1906.66666666667 1.1357829084275 1.08970068699528 1.18313061078838 1.26122334653172 1.26122334653172 2.35428358019255
"244" "MP" 112 2 3.981 1 7.44109963630971 7.39021844692421 7.48969360264628 1906.66666666667 1.10596661347174 1.06144910386246 1.15031819681796 0.316797914224418 0.316797914224418 0.591356106552246
"245" "MP" 112 2 15.849 2 7.35424828056671 7.26279138398574 7.42097799218935 1906.66666666667 1.18033824288013 1.12377625458293 1.25197614643249 1.26122334653172 2.52244669306345 2.35428358019255
"246" "MP" 112 2 3.981 2 7.48062460567178 7.42759599946119 7.53311330863834 1906.66666666667 1.06992233915277 1.01979984371759 1.11795816863148 0.316797914224418 0.633595828448835 0.591356106552246
"247" "MP" 112 2 25.119 1 7.28418956904792 7.16255529706026 7.35375306570507 1906.66666666667 1.23579731206581 1.18074405107436 1.32331980191573 1.99890650776266 1.99890650776266 3.73129214782363
"248" "MP" 112 2 6.31 1 7.48457721290252 7.42186082089843 7.54456452862252 1906.66666666667 1.06623883253356 1.00851084304512 1.12300235754591 0.50213384545493 0.50213384545493 0.937316511515869
"249" "MP" 112 2 25.119 2 7.36570450841861 7.30332329471598 7.41847216122059 1906.66666666667 1.17089401671786 1.12596917448898 1.22103448391398 1.99890650776266 3.99781301552532 3.73129214782363
"250" "MP" 112 2 6.31 2 7.40916327565133 7.33445911141801 7.47029612823646 1906.66666666667 1.13406767493924 1.07947918648672 1.19639922713441 0.50213384545493 1.00426769090986 0.937316511515869
"251" "MP" 112 2 39.182 1 7.28516495053869 7.15738981467628 7.35692571222232 1906.66666666667 1.23505155927119 1.1781407139908 1.32680616942155 3.11800449011332 3.11800449011332 5.82027504821153
"252" "MP" 112 4 10 2 7.47713068208984 7.4256052720881 7.52233872321631 1906.66666666667 1.07316628906845 1.03030440128162 1.1197123268447 0.397887357729738 0.795774715459477 0.742723067762178
"253" "MP" 112 2 39.182 2 7.34391433629086 7.27454406484135 7.39831849267753 1906.66666666667 1.18876496616785 1.14340778579676 1.2431329972425 3.11800449011332 6.23600898022664 5.82027504821153
"254" "MP" 112 4 15.849 1 7.44414980541953 7.40215981011318 7.48399093728913 1906.66666666667 1.10323549738746 1.06678611349036 1.14011101527189 0.630611673265862 0.630611673265862 1.17714179009628
"255" "MP" 112 4 3.981 1 7.4977516632499 7.4466785219205 7.55092659269557 1906.66666666667 1.05385565069725 1.00218281719221 1.1009649646353 0.158398957112209 0.158398957112209 0.295678053276123
"256" "MP" 112 4 15.849 2 7.44520755917325 7.39751508771027 7.49058714017717 1906.66666666667 1.10228643952235 1.0606100986266 1.14409569986277 0.630611673265862 1.26122334653172 1.17714179009628
"257" "MP" 112 4 3.981 2 7.47940952567529 7.43322740513518 7.53247062318293 1906.66666666667 1.0710517715993 1.0204296017116 1.11297702098987 0.158398957112209 0.316797914224418 0.295678053276123
"258" "MP" 112 4 25.119 1 7.40653447111931 7.35981605356998 7.45437290603941 1906.66666666667 1.1363410523182 1.09402076231691 1.17576182386837 0.99945325388133 0.99945325388133 1.86564607391182
"259" "MP" 112 4 6.31 1 7.50927370155108 7.45672007739255 7.56324409856954 1906.66666666667 1.04289109354427 0.989816191545762 1.09189177623352 0.251066922727465 0.251066922727465 0.468658255757934
"260" "MP" 112 4 25.119 2 7.3846858373337 7.32136640719226 7.43851791380051 1906.66666666667 1.15500617417872 1.10827178265575 1.20685195779778 0.99945325388133 1.99890650776266 1.86564607391182
"261" "MP" 112 4 6.31 2 7.49938971097319 7.44684352276615 7.54769705271665 1906.66666666667 1.05230455105918 1.00540010969203 1.10081661085528 0.251066922727465 0.50213384545493 0.468658255757934
"262" "MP" 112 4 39.182 1 7.37311009275792 7.32377699723603 7.41720659795336 1906.66666666667 1.1647312110091 1.12707461614545 1.20493769670162 1.55900224505666 1.55900224505666 2.91013752410577
"263" "MP" 112 4 10 1 7.49744200737549 7.45310326431091 7.54134070234163 1906.66666666667 1.05414858449637 1.01170208507767 1.09517030145638 0.397887357729738 0.397887357729738 0.742723067762178
"264" "MP" 112 4 39.182 2 7.36308579665424 7.29274828719521 7.41880707740615 1906.66666666667 1.17306236593026 1.12567639839384 1.22922864707332 1.55900224505666 3.11800449011332 2.91013752410577
"265" "MP" 56 2 3.981 1 7.03777555783383 6.98647717574655 7.10721444914368 956.666666666667 0.809562915305919 0.723962683937439 0.869090523283096 0.316797914224418 0.316797914224418 0.295678053276123
"266" "MP" 56 2 15.849 2 6.90400200797215 6.85641036572418 6.95555801616878 956.666666666667 0.958619759190424 0.903522250821301 1.00701989894906 1.26122334653172 2.52244669306345 1.17714179009628
"267" "MP" 56 2 3.981 2 7.00114843765615 6.95700284540699 7.05202180773682 956.666666666667 0.852376344913723 0.792482272433565 0.901936882692918 0.316797914224418 0.633595828448835 0.295678053276123
"268" "MP" 56 2 25.119 1 6.86598925720354 6.82164362940688 6.91040251170906 956.666666666667 0.997462548988781 0.951933024660538 1.04094935059272 1.99890650776266 1.99890650776266 1.86564607391182
"269" "MP" 56 2 6.31 1 6.98685794672285 6.93740010752991 7.04247931513853 956.666666666667 0.86865982378381 0.803950198091797 0.923252323093946 0.50213384545493 0.50213384545493 0.468658255757934
"270" "MP" 56 2 25.119 2 6.88446016660238 6.83775507676594 6.93210648321197 956.666666666667 0.97877269261248 0.92893716080786 1.02537251077265 1.99890650776266 3.99781301552532 1.86564607391182
"271" "MP" 56 2 6.31 2 6.97721718389166 6.91868764938403 7.04054181250674 956.666666666667 0.879514398839782 0.80626530424439 0.943213574432207 0.50213384545493 1.00426769090986 0.468658255757934
"272" "MP" 56 2 39.182 1 6.84676111659875 6.80343024886889 6.89083115907109 956.666666666667 1.01655533244869 0.97224569146802 1.05825879478013 3.11800449011332 3.11800449011332 2.91013752410577
"273" "MP" 56 2 10 1 6.97208547034839 6.93015423740239 7.01713515448612 956.666666666667 0.88524968147421 0.833882173860485 0.931026099023573 0.795774715459477 0.795774715459477 0.742723067762178
"274" "MP" 56 2 39.182 2 6.79226286642023 6.73976762575394 6.8429066778561 956.666666666667 1.068717074494 1.02033866368333 1.1163439664042 3.11800449011332 6.23600898022664 2.91013752410577
"275" "MP" 56 2 10 2 6.97488426688807 6.93387346699177 7.017476380983 956.666666666667 0.882125351998323 0.833484195663228 0.927042937105437 0.795774715459477 1.59154943091895 0.742723067762178
"276" "MP" 56 4 3.981 1 7.0122706161401 6.96881482143929 7.06140299121795 956.666666666667 0.83954102373649 0.781101025761519 0.888889682559815 0.158398957112209 0.158398957112209 0.147839026638062
"277" "MP" 56 2 15.849 1 6.9144400236856 6.86809963176541 6.96608009214084 956.666666666667 0.947692887653462 0.891924117428618 0.995344585392663 1.26122334653172 1.26122334653172 1.17714179009628
"278" "MP" 56 4 3.981 2 6.9947538847943 6.95479474784756 7.03872734507616 956.666666666667 0.859691471632968 0.808429333096944 0.904358838241219 0.158398957112209 0.316797914224418 0.147839026638062
"279" "MP" 56 4 25.119 1 6.94908352160128 6.90369513847065 6.99903015626555 956.666666666667 0.910598457900608 0.85480476180251 0.958939277997992 0.99945325388133 0.99945325388133 0.932823036955908
"280" "MP" 56 4 6.31 1 7.05198684975609 7.00999051084608 7.10865986783332 956.666666666667 0.792524484077189 0.722116942138617 0.842183978139559 0.251066922727465 0.251066922727465 0.234329127878967
"281" "MP" 56 4 25.119 2 6.89858428300033 6.84967956521325 6.94678378979736 956.666666666667 0.964246415325814 0.913100910686173 1.01368100747651 0.99945325388133 1.99890650776266 0.932823036955908
"282" "MP" 56 4 6.31 2 7.02760653607771 6.98543910060781 7.07415272509586 956.666666666667 0.821607153071491 0.765460896337405 0.870263883171811 0.251066922727465 0.50213384545493 0.234329127878967
"283" "MP" 56 4 39.182 1 6.92812335368672 6.87907471301129 6.98269809850687 956.666666666667 0.933194857717767 0.873356252210419 0.984257682047536 1.55900224505666 1.55900224505666 1.45506876205288
"284" "MP" 56 4 10 1 6.99975091829725 6.9505646486316 7.05702231683771 956.666666666667 0.853979051021185 0.786428946806093 0.908983720309179 0.397887357729738 0.397887357729738 0.371361533881089
"285" "MP" 56 4 39.182 2 6.93019962261416 6.8884986122416 6.97284698157248 956.666666666667 0.930977582315735 0.884400463291035 0.974640182804637 1.55900224505666 3.11800449011332 1.45506876205288
"286" "MP" 56 4 10 2 7.04066208107384 6.98859250021263 7.11798083596607 956.666666666667 0.80612172684929 0.710150150476944 0.86669575083066 0.397887357729738 0.795774715459477 0.371361533881089
"287" "MP" 56 4 15.849 1 6.98812593451891 6.93340326794299 7.04579038398315 956.666666666667 0.867224388382211 0.799983431361251 0.927547321905867 0.630611673265862 0.630611673265862 0.588570895048138
"288" "MP" 56 4 15.849 2 6.96123691491898 6.92067506163229 7.00641097968811 956.666666666667 0.897277750541478 0.846321007934158 0.941111215711498 0.630611673265862 1.26122334653172 0.588570895048138
"289" "SY" 112 2 10 1 7.58648393740366 7.51630545323862 7.67283226180868 1906.66666666667 0.966064761929329 0.872818277962714 1.03613722343642 0.795774715459477 0.795774715459477 1.48544613552436
"290" "SY" 112 2 10 2 7.62665550382647 7.57340977488593 7.69525235752516 1906.66666666667 0.923684420624892 0.847261331805622 0.979494615917154 0.795774715459477 1.59154943091895 1.48544613552436
"291" "SY" 112 2 15.849 1 7.59481652301595 7.52683897886508 7.68166193530552 1906.66666666667 0.957413414048738 0.862821562466436 1.02593068915602 1.26122334653172 1.26122334653172 2.35428358019255
"292" "SY" 112 2 3.981 1 7.63781097670836 7.58669935947643 7.69575567146817 1906.66666666667 0.911610390822843 0.846680996328062 0.965842005464767 0.316797914224418 0.316797914224418 0.591356106552246
"293" "SY" 112 2 15.849 2 7.60300684755047 7.54270659151447 7.67404180677971 1906.66666666667 0.948839226797015 0.871454076113961 1.01035125732564 1.26122334653172 2.52244669306345 2.35428358019255
"294" "SY" 112 2 3.981 2 7.70634842015789 7.64787156014761 7.78875145958823 1906.66666666667 0.834399244046035 0.734281855976623 0.900605290302869 0.316797914224418 0.633595828448835 0.591356106552246
"295" "SY" 112 2 25.119 1 7.59930766896238 7.53540434424408 7.67731635050993 1906.66666666667 0.952720475080721 0.867752546031091 1.01755159583421 1.99890650776266 1.99890650776266 3.73129214782363
"296" "SY" 112 2 6.31 1 7.60025140369828 7.5391945884057 7.67281929438296 1906.66666666667 0.951731654496084 0.872832894513201 1.01382081067926 0.50213384545493 0.50213384545493 0.937316511515869
"297" "SY" 112 2 25.119 2 7.57420531903525 7.51901313695505 7.63385080263938 1906.66666666667 0.978682435809772 0.915912079789565 1.03352385139565 1.99890650776266 3.99781301552532 3.73129214782363
"298" "SY" 112 2 6.31 2 7.6219413730824 7.56160605677447 7.69127538471891 1906.66666666667 0.928746372262706 0.851836638176872 0.991469560331443 0.50213384545493 1.00426769090986 0.937316511515869
"299" "SY" 112 2 39.182 1 7.57596578788166 7.5105125912714 7.65500207869907 1906.66666666667 0.976882854467061 0.892738020406815 1.0417046063472 3.11800449011332 3.11800449011332 5.82027504821153
"300" "SY" 112 4 10 2 7.58163821669646 7.51574694065107 7.65109247954892 1906.66666666667 0.971062803984496 0.897058519687844 1.03667540262589 0.397887357729738 0.795774715459477 0.742723067762178
"301" "SY" 112 2 39.182 2 7.63158089045235 7.5574252475425 7.72497758642126 1906.66666666667 0.918370073401223 0.812481553482446 0.995677231839509 3.11800449011332 6.23600898022664 5.82027504821153
"302" "SY" 112 4 15.849 1 7.57814948341714 7.51458570223491 7.6525442840329 1906.66666666667 0.974646236967036 0.895456101383573 1.03779340289752 0.630611673265862 0.630611673265862 1.17714179009628
"303" "SY" 112 4 3.981 1 7.68197572100969 7.61092392860546 7.78411171892663 1906.66666666667 0.862464676139671 0.740140857281631 0.940484071173426 0.158398957112209 0.158398957112209 0.295678053276123
"304" "SY" 112 4 15.849 2 7.60006012622708 7.54140143598821 7.67288483587672 1906.66666666667 0.951932145439034 0.872759015876353 1.01164206031864 0.630611673265862 1.26122334653172 1.17714179009628
"305" "SY" 112 4 3.981 2 7.63464515079229 7.57640273028965 7.70747851714812 1906.66666666667 0.915050594438201 0.833081257553907 0.976435713517525 0.158398957112209 0.316797914224418 0.295678053276123
"306" "SY" 112 4 25.119 1 7.62343775605409 7.54209200902366 7.7285835772038 1906.66666666667 0.927142166622135 0.808191642869681 1.01095929125231 0.99945325388133 0.99945325388133 1.86564607391182
"307" "SY" 112 4 6.31 1 7.62960203006197 7.56707366640864 7.7122593567463 1906.66666666667 0.920508351645188 0.827489049147956 0.985940207185767 0.251066922727465 0.251066922727465 0.468658255757934
"308" "SY" 112 4 25.119 2 7.63998215352433 7.57367017570318 7.72886725439262 1906.66666666667 0.909244737339958 0.807853506066742 0.979228840878623 0.99945325388133 1.99890650776266 1.86564607391182
"309" "SY" 112 4 6.31 2 7.58676193383401 7.53379108247606 7.64588177301643 1906.66666666667 0.965777291667936 0.902790676800308 1.01913526450417 0.251066922727465 0.50213384545493 0.468658255757934
"310" "SY" 112 4 39.182 1 7.61952554767876 7.54569570489784 7.72307465049248 1906.66666666667 0.931331210474294 0.814739176263399 1.00738865945947 1.55900224505666 1.55900224505666 2.91013752410577
"311" "SY" 112 4 10 1 7.62889857698972 7.55703715315175 7.73274394666511 1906.66666666667 0.921267456333128 0.803222951147079 0.99606692824794 0.397887357729738 0.397887357729738 0.742723067762178
"312" "SY" 112 4 39.182 2 7.64866869503286 7.57555386430859 7.7462585203783 1906.66666666667 0.899728575043377 0.786939233593949 0.97730421374745 1.55900224505666 3.11800449011332 2.91013752410577
"313" "SY" 56 2 3.981 1 7.0808592638577 6.98493315090519 7.19708162873041 986.666666666667 0.794942835534694 0.646424824511308 0.905168037864729 0.316797914224418 0.316797914224418 0.295678053276123
"314" "SY" 56 2 15.849 2 6.84576599104316 6.76968826090564 6.91988758839916 986.666666666667 1.04740578892448 0.974115333358563 1.11718887059808 1.26122334653172 2.52244669306345 1.17714179009628
"315" "SY" 56 2 3.981 2 7.06285893833491 6.98639105674061 7.1456323994119 986.666666666667 0.81644019657374 0.714304083821772 0.903570711865811 0.316797914224418 0.633595828448835 0.295678053276123
"316" "SY" 56 2 25.119 1 6.84089975756358 6.76045859816631 6.91602080439476 986.666666666667 1.05203007421557 0.978074548130531 1.12529943313068 1.99890650776266 1.99890650776266 1.86564607391182
"317" "SY" 56 2 6.31 1 6.90877769606164 6.83717882076996 6.97989116388115 986.666666666667 0.985449723047958 0.910674273562061 1.05555085602617 0.50213384545493 0.50213384545493 0.468658255757934
"318" "SY" 56 2 25.119 2 6.82395230601442 6.73852606002383 6.92144550438358 986.666666666667 1.06796037828979 0.97251584562799 1.14427498501449 1.99890650776266 3.99781301552532 1.86564607391182
"319" "SY" 56 2 6.31 2 7.04215266798038 6.95775263316076 7.14888253166305 986.666666666667 0.840695322636856 0.710118604062452 0.934525356516046 0.50213384545493 1.00426769090986 0.468658255757934
"320" "SY" 56 2 39.182 1 6.81723474870559 6.74205787814646 6.89168017560368 986.666666666667 1.07420042546003 1.00264856938094 1.14124737656452 3.11800449011332 3.11800449011332 2.91013752410577
"321" "SY" 56 2 10 1 6.80739095453732 6.71747490919054 6.89174852207052 986.666666666667 1.08326909761223 1.00258040160497 1.16210069721341 0.795774715459477 0.795774715459477 0.742723067762178
"322" "SY" 56 2 39.182 2 6.74453385643643 6.66003888598873 6.82852218397225 986.666666666667 1.13911848926065 1.06369132386736 1.20887031397443 3.11800449011332 6.23600898022664 2.91013752410577
"323" "SY" 56 2 10 2 6.88355626116803 6.81577956563883 6.96081146864402 986.666666666667 1.01071814441574 0.931261255240683 1.07554665358237 0.795774715459477 1.59154943091895 0.742723067762178
"324" "SY" 56 4 3.981 1 7.15970407351664 7.09107478970805 7.24623434917894 986.666666666667 0.696084299098775 0.578230687777693 0.782569450204996 0.158398957112209 0.158398957112209 0.147839026638062
"325" "SY" 56 2 15.849 1 6.92603852669091 6.85054974838958 7.01178827168366 986.666666666667 0.967785733546858 0.875367840301227 1.04283789222549 1.26122334653172 1.26122334653172 1.17714179009628
"326" "SY" 56 4 3.981 2 7.10114868167336 7.0201256488262 7.20394916307554 986.666666666667 0.770243203976837 0.637097107958283 0.865952161347661 0.158398957112209 0.316797914224418 0.147839026638062
"327" "SY" 56 4 25.119 1 6.89544468458922 6.8217890256427 6.96280714383265 986.666666666667 0.998886955085545 0.929126270184881 1.06997446200976 0.99945325388133 0.99945325388133 0.932823036955908
"328" "SY" 56 4 6.31 1 7.04327782619108 6.95271978160073 7.15206428313487 986.666666666667 0.839390187356276 0.706007986017783 0.939874260826516 0.251066922727465 0.251066922727465 0.234329127878967
"329" "SY" 56 4 25.119 2 6.86808742787236 6.79565152243178 6.94347751724926 986.666666666667 1.02590342840945 0.949627084642516 1.09396807496837 0.99945325388133 1.99890650776266 0.932823036955908
"330" "SY" 56 4 6.31 2 6.90848387020766 6.83535864694931 6.9849968172711 986.666666666667 0.985747780358871 0.905098331673475 1.05726835408628 0.251066922727465 0.50213384545493 0.234329127878967
"331" "SY" 56 4 39.182 1 6.83149858638789 6.74872170371472 6.91349383003084 986.666666666667 1.06090034097826 0.980653667492552 1.1355056893219 1.55900224505666 1.55900224505666 1.45506876205288
"332" "SY" 56 4 10 1 6.83263872648143 6.74361805443699 6.92874538308502 986.666666666667 1.05982902519619 0.964987892791374 1.13990652537187 0.397887357729738 0.397887357729738 0.371361533881089
"333" "SY" 56 4 39.182 2 6.83704805792431 6.76046116482936 6.91617712579295 986.666666666667 1.05567434680963 0.977914786828312 1.12529718806617 1.55900224505666 3.11800449011332 1.45506876205288
"334" "SY" 56 4 10 2 6.8312534126375 6.75053628669687 6.90493429748157 986.666666666667 1.06113055534124 0.989341560409946 1.13393556853117 0.397887357729738 0.795774715459477 0.371361533881089
"335" "SY" 56 4 15.849 1 6.82437102059502 6.74808602099362 6.9102178052706 986.666666666667 1.0675700379956 0.983987607300683 1.13605505878685 0.630611673265862 0.630611673265862 0.588570895048138
"336" "SY" 56 4 15.849 2 6.83795479883716 6.76495189680653 6.91992483264781 986.666666666667 1.05481769978507 0.974077124343427 1.12136029903753 0.630611673265862 1.26122334653172 0.588570895048138
