"subject" "radius" "speed" "number" "speedMatch" "speedMatchMin" "speedMatchMax" "freq" "tf"
"1" "AD" 2 3.981 1 6.35047956679012 5.49651123855768 7.33926388761415 0.316797914224418 0.316797914224418
"2" "AD" 2 3.981 2 6.18968998899636 4.79648494960487 8.23352953715812 0.316797914224418 0.633595828448835
"3" "AD" 2 6.31 1 9.41942172137319 8.63350678688767 10.3894294096759 0.50213384545493 0.50213384545493
"4" "AD" 2 6.31 2 9.83001827909247 7.58930008888519 12.2362454331954 0.50213384545493 1.00426769090986
"5" "AD" 2 10 1 11.7287285173508 8.2629377281233 15.8991209782387 0.795774715459477 0.795774715459477
"6" "AD" 2 10 2 13.1570635459449 10.8391018566439 15.9767147568263 0.795774715459477 1.59154943091895
"7" "AD" 2 15.849 1 18.5854147142509 12.4023101501249 25.8186824706812 1.26122334653172 1.26122334653172
"8" "AD" 2 15.849 2 19.0310357475796 15.3431624722722 22.154622300585 1.26122334653172 2.52244669306345
"9" "AD" 2 25.119 1 25.1957377491615 19.5874446647126 32.4098018700814 1.99890650776266 1.99890650776266
"10" "AD" 2 25.119 2 26.5522810575907 23.1149770156319 30.5007281159961 1.99890650776266 3.99781301552532
"11" "AD" 2 39.182 1 48.726871185387 39.8933660842641 63.2908574452911 3.11800449011332 3.11800449011332
"12" "AD" 2 39.182 2 54.743895310075 41.1917613353932 79.0638802814341 3.11800449011332 6.23600898022664
"13" "AD" 4 3.981 1 6.25453770348259 4.76757584592937 8.20526891411406 0.158398957112209 0.158398957112209
"14" "AD" 4 3.981 2 5.66541125646452 4.72265468406896 6.59874957313026 0.158398957112209 0.316797914224418
"15" "AD" 4 6.31 1 6.54211143092642 6.20172776432535 7.02638481447396 0.251066922727465 0.251066922727465
"16" "AD" 4 6.31 2 8.34885492331197 7.02944598020804 9.96351204118479 0.251066922727465 0.50213384545493
"17" "AD" 4 10 1 10.9441230559268 8.55476420717332 14.6249251158705 0.397887357729738 0.397887357729738
"18" "AD" 4 10 2 7.95121465293476 6.43034742932743 9.56431263077728 0.397887357729738 0.795774715459477
"19" "AD" 4 15.849 1 12.5850580011662 11.6841749801486 13.504520211136 0.630611673265862 0.630611673265862
"20" "AD" 4 15.849 2 14.7304958999504 12.3054467684029 17.63345236807 0.630611673265862 1.26122334653172
"21" "AD" 4 25.119 1 21.7042552225016 17.5055465269516 29.0567467686956 0.99945325388133 0.99945325388133
"22" "AD" 4 25.119 2 21.9397672931848 19.9023909108434 24.2958285382479 0.99945325388133 1.99890650776266
"23" "AD" 4 39.182 1 30.9498493296375 22.7650145113091 42.088323449399 1.55900224505666 1.55900224505666
"24" "AD" 4 39.182 2 40.2655481919691 31.1445885989157 51.9778187995213 1.55900224505666 3.11800449011332
"25" "MA" 2 3.981 1 3.51015079720055 2.69483304330464 4.60877009972475 0.316797914224418 0.316797914224418
"26" "MA" 2 3.981 2 3.61826920904017 2.80915003523267 4.63422814100778 0.316797914224418 0.633595828448835
"27" "MA" 2 6.31 1 6.49136095865141 5.22438083615516 7.97793671777727 0.50213384545493 0.50213384545493
"28" "MA" 2 6.31 2 7.48669316618493 5.5298131694795 9.01209021033239 0.50213384545493 1.00426769090986
"29" "MA" 2 10 1 8.96275627046939 7.69196500312375 10.4673185778966 0.795774715459477 0.795774715459477
"30" "MA" 2 10 2 12.0594885349691 10.1140356955675 15.3968740320529 0.795774715459477 1.59154943091895
"31" "MA" 2 15.849 1 14.6431857206676 13.2885564231228 16.2074934479887 1.26122334653172 1.26122334653172
"32" "MA" 2 15.849 2 17.7722797273504 15.8134833129825 20.1629754684925 1.26122334653172 2.52244669306345
"33" "MA" 2 25.119 1 27.2285284872824 22.5191525547864 31.7627135272979 1.99890650776266 1.99890650776266
"34" "MA" 2 25.119 2 31.1668224818146 26.2157809744258 35.5416400315452 1.99890650776266 3.99781301552532
"35" "MA" 2 39.182 1 52.9817597321351 46.1031885720156 63.5190553024288 3.11800449011332 3.11800449011332
"36" "MA" 2 39.182 2 72.6229910274853 60.9310865068786 86.7265127067287 3.11800449011332 6.23600898022664
"37" "MA" 4 3.981 1 4.04775917421211 2.75720889924258 5.92161462447654 0.158398957112209 0.158398957112209
"38" "MA" 4 3.981 2 3.81692678336021 2.58711378886937 5.611654670605 0.158398957112209 0.316797914224418
"39" "MA" 4 6.31 1 5.26064563835994 3.97588400833755 7.04780173101538 0.251066922727465 0.251066922727465
"40" "MA" 4 6.31 2 6.56089110533682 5.78369410302098 7.40076291047286 0.251066922727465 0.50213384545493
"41" "MA" 4 10 1 8.85629760362432 6.65656392879329 11.1700788968251 0.397887357729738 0.397887357729738
"42" "MA" 4 10 2 10.6554014174253 8.80957209134639 12.9001369117338 0.397887357729738 0.795774715459477
"43" "MA" 4 15.849 1 16.1076791402996 12.5579223566615 19.550002433428 0.630611673265862 0.630611673265862
"44" "MA" 4 15.849 2 14.1954933202497 10.0730829874518 19.412234368142 0.630611673265862 1.26122334653172
"45" "MA" 4 25.119 1 21.8531479781055 18.12805483188 27.7406392516012 0.99945325388133 0.99945325388133
"46" "MA" 4 25.119 2 22.2811268093619 17.8979202865459 26.5797723323082 0.99945325388133 1.99890650776266
"47" "MA" 4 39.182 1 34.2615292062405 31.3298755245191 37.7318860089868 1.55900224505666 1.55900224505666
"48" "MA" 4 39.182 2 31.8319976411639 28.1986637332097 35.4528853782189 1.55900224505666 3.11800449011332
"49" "MP" 2 3.981 1 3.06693235292892 2.4064578174583 4.24502491848501 0.316797914224418 0.316797914224418
"50" "MP" 2 3.981 2 3.92170437570779 3.2205374170763 4.7827982559627 0.316797914224418 0.633595828448835
"51" "MP" 2 6.31 1 5.69220034625091 5.44921599070598 5.95413925594179 0.50213384545493 0.50213384545493
"52" "MP" 2 6.31 2 6.06525559148159 5.66738951511902 6.8363426763162 0.50213384545493 1.00426769090986
"53" "MP" 2 10 1 8.9404973966165 7.92903107194933 10.0809913561425 0.795774715459477 0.795774715459477
"54" "MP" 2 10 2 8.66663620185264 7.57522750845329 9.91429132481451 0.795774715459477 1.59154943091895
"55" "MP" 2 15.849 1 15.7255965861081 13.956275277337 17.7192254433808 1.26122334653172 1.26122334653172
"56" "MP" 2 15.849 2 15.4359414251913 14.06658127384 17.1495893494874 1.26122334653172 2.52244669306345
"57" "MP" 2 25.119 1 20.5618707512775 16.1954724634755 25.9585185124506 1.99890650776266 1.99890650776266
"58" "MP" 2 25.119 2 22.3557817221364 18.6599922571964 26.7835575448893 1.99890650776266 3.99781301552532
"59" "MP" 2 39.182 1 33.312408944368 31.1627870817109 35.7920059019872 3.11800449011332 3.11800449011332
"60" "MP" 2 39.182 2 34.6628274310807 29.0707906871489 39.0390580454452 3.11800449011332 6.23600898022664
"61" "MP" 4 3.981 1 3.13697800358115 2.48827816698344 3.99379976922794 0.158398957112209 0.158398957112209
"62" "MP" 4 3.981 2 3.05988572094951 2.62160189551903 3.75859608355064 0.158398957112209 0.316797914224418
"63" "MP" 4 6.31 1 4.56699442793573 3.97363031090244 5.49497676784119 0.251066922727465 0.251066922727465
"64" "MP" 4 6.31 2 5.2376425674387 4.308338219748 6.20934351936748 0.251066922727465 0.50213384545493
"65" "MP" 4 10 1 7.26274243659078 6.11258305773345 8.76532349196906 0.397887357729738 0.397887357729738
"66" "MP" 4 10 2 8.33355939409299 6.96582483723647 10.0923840783963 0.397887357729738 0.795774715459477
"67" "MP" 4 15.849 1 10.8966959379421 9.70812143384399 12.2307887445685 0.630611673265862 0.630611673265862
"68" "MP" 4 15.849 2 10.698457486517 9.2184766276404 12.4160419572609 0.630611673265862 1.26122334653172
"69" "MP" 4 25.119 1 17.7089978970712 16.9236690700231 18.5307692570027 0.99945325388133 0.99945325388133
"70" "MP" 4 25.119 2 18.0996288728952 15.6243600713165 20.7750513913576 0.99945325388133 1.99890650776266
"71" "MP" 4 39.182 1 27.1266998401599 25.6062981024072 28.8834298917439 1.55900224505666 1.55900224505666
"72" "MP" 4 39.182 2 25.1087211522822 21.948265246602 28.4777896691593 1.55900224505666 3.11800449011332
