trial durationTest direction radius durationComparison speed number size iniAngle1 durComp onset response
1 112 1 4.0 3 15.849 1 1.0 231 112 59 0
2 112 -1 2.0 3 3.981 1 1.0 176 112 66 0
3 112 1 4.0 1 25.119 1 1.0 327 85 30 0
4 112 1 4.0 5 6.31 2 1.0 4 148 62 1
5 112 -1 4.0 1 39.182 1 1.0 320 85 45 0
6 112 1 4.0 1 25.119 2 1.0 299 85 62 0
7 112 -1 4.0 3 25.119 1 1.0 158 112 62 0
8 112 1 4.0 4 6.31 1 1.0 15 129 73 0
9 112 -1 2.0 4 10.0 2 1.0 257 129 64 0
10 112 1 4.0 4 15.849 1 1.0 147 129 88 1
11 112 -1 4.0 2 25.119 2 1.0 183 98 41 0
12 112 1 2.0 5 25.119 1 1.0 105 148 33 0
13 112 -1 2.0 3 6.31 1 1.0 256 112 87 0
14 112 -1 4.0 3 10.0 1 1.0 315 112 40 0
15 112 1 4.0 1 15.849 2 1.0 340 85 80 0
16 112 1 4.0 1 3.981 2 1.0 157 85 37 0
17 112 1 2.0 2 25.119 2 1.0 281 98 61 0
18 112 -1 4.0 2 6.31 2 1.0 178 98 33 0
19 112 -1 2.0 4 3.981 1 1.0 263 129 55 0
20 112 -1 4.0 4 10.0 2 1.0 197 129 44 0
21 112 1 2.0 4 39.182 2 1.0 313 129 75 1
22 112 -1 4.0 3 15.849 1 1.0 50 112 47 0
23 112 -1 4.0 2 39.182 2 1.0 184 98 57 1
24 112 1 2.0 1 10.0 2 1.0 316 85 41 0
25 112 -1 2.0 2 6.31 2 1.0 26 98 80 0
26 112 1 4.0 5 15.849 1 1.0 325 148 77 0
27 112 -1 2.0 4 15.849 2 1.0 257 129 45 1
28 112 1 4.0 4 6.31 2 1.0 51 129 67 0
29 112 -1 2.0 1 6.31 1 1.0 336 85 46 0
30 112 1 2.0 4 3.981 1 1.0 199 129 67 0
31 112 -1 2.0 5 3.981 2 1.0 56 148 41 0
32 112 -1 2.0 3 10.0 1 1.0 250 112 57 0
33 112 1 4.0 4 39.182 1 1.0 28 129 77 1
34 112 1 4.0 3 39.182 2 1.0 236 112 63 0
35 112 1 2.0 4 3.981 2 1.0 323 129 44 0
36 112 -1 4.0 4 39.182 1 1.0 116 129 58 0
37 112 -1 2.0 1 25.119 1 1.0 48 85 88 0
38 112 -1 2.0 2 15.849 1 1.0 221 98 34 0
39 112 1 4.0 1 15.849 1 1.0 147 85 44 0
40 112 -1 4.0 5 3.981 2 1.0 18 148 74 0
41 112 -1 2.0 2 25.119 2 1.0 48 98 67 0
42 112 -1 4.0 5 15.849 1 1.0 289 148 88 0
43 112 -1 2.0 5 25.119 2 1.0 344 148 78 1
44 112 -1 4.0 5 6.31 2 1.0 306 148 31 0
45 112 1 2.0 5 3.981 1 1.0 246 148 87 0
46 112 1 2.0 4 39.182 1 1.0 61 129 71 1
47 112 1 4.0 5 10.0 2 1.0 3 148 33 1
48 112 1 4.0 5 3.981 1 1.0 97 148 81 0
49 112 1 2.0 2 10.0 1 1.0 237 98 43 0
50 112 -1 2.0 5 3.981 1 1.0 127 148 78 0
51 112 1 4.0 4 15.849 2 1.0 310 129 31 0
52 112 1 2.0 1 15.849 1 1.0 292 85 89 0
53 112 -1 2.0 4 3.981 2 1.0 19 129 56 0
54 112 -1 2.0 3 10.0 2 1.0 254 112 31 0
55 112 -1 4.0 3 10.0 2 1.0 61 112 33 0
56 112 -1 2.0 3 39.182 2 1.0 273 112 34 1
57 112 1 4.0 4 39.182 2 1.0 354 129 30 0
58 112 -1 2.0 1 6.31 2 1.0 138 85 82 0
59 112 1 4.0 3 3.981 1 1.0 38 112 43 0
60 112 1 2.0 3 15.849 1 1.0 1 112 53 1
61 112 -1 4.0 1 15.849 1 1.0 26 85 77 0
62 112 1 4.0 2 3.981 2 1.0 2 98 66 0
63 112 -1 2.0 4 6.31 1 1.0 98 129 90 0
64 112 1 4.0 1 39.182 2 1.0 255 85 45 0
65 112 1 4.0 4 3.981 2 1.0 110 129 61 0
66 112 -1 2.0 1 39.182 2 1.0 52 85 37 0
67 112 1 2.0 4 25.119 1 1.0 71 129 89 0
68 112 -1 4.0 3 25.119 2 1.0 352 112 71 0
69 112 1 4.0 2 39.182 2 1.0 248 98 67 0
70 112 1 2.0 5 25.119 2 1.0 281 148 77 1
71 112 -1 2.0 1 10.0 2 1.0 326 85 55 0
72 112 1 2.0 5 15.849 2 1.0 99 148 60 0
73 112 1 4.0 2 15.849 1 1.0 257 98 89 0
74 112 -1 4.0 1 15.849 2 1.0 150 85 63 0
75 112 -1 4.0 2 10.0 2 1.0 73 98 64 0
76 112 -1 2.0 5 10.0 2 1.0 331 148 79 0
77 112 -1 4.0 4 25.119 1 1.0 98 129 32 1
78 112 -1 4.0 5 25.119 2 1.0 338 148 36 0
79 112 -1 4.0 4 15.849 2 1.0 11 129 41 0
80 112 1 4.0 2 15.849 2 1.0 144 98 33 0
81 112 -1 2.0 5 39.182 1 1.0 66 148 68 1
82 112 1 2.0 3 25.119 1 1.0 266 112 73 0
83 112 1 2.0 2 15.849 2 1.0 3 98 58 0
84 112 1 2.0 5 39.182 2 1.0 73 148 35 1
85 112 1 4.0 4 3.981 1 1.0 241 129 32 0
86 112 1 4.0 3 6.31 2 1.0 104 112 78 0
87 112 -1 2.0 4 39.182 1 1.0 62 129 50 0
88 112 -1 4.0 5 15.849 2 1.0 255 148 89 0
89 112 1 2.0 1 6.31 2 1.0 151 85 86 0
90 112 -1 4.0 4 6.31 2 1.0 266 129 31 0
91 112 -1 2.0 1 3.981 1 1.0 241 85 37 0
92 112 1 2.0 4 10.0 1 1.0 206 129 75 0
93 112 1 4.0 2 39.182 1 1.0 125 98 65 0
94 112 -1 4.0 2 15.849 2 1.0 56 98 59 0
95 112 1 4.0 5 39.182 2 1.0 346 148 64 0
96 112 -1 4.0 5 39.182 2 1.0 261 148 31 1
97 112 1 2.0 4 15.849 2 1.0 303 129 58 0
98 112 1 2.0 3 6.31 1 1.0 164 112 82 0
99 112 -1 2.0 5 6.31 2 1.0 198 148 69 0
100 112 1 4.0 5 25.119 2 1.0 99 148 64 0
101 112 1 4.0 4 10.0 1 1.0 247 129 50 0
102 112 1 4.0 1 6.31 2 1.0 279 85 30 0
103 112 1 2.0 2 15.849 1 1.0 284 98 67 0
104 112 -1 2.0 1 3.981 2 1.0 209 85 88 0
105 112 1 2.0 4 6.31 1 1.0 154 129 37 0
106 112 1 4.0 2 6.31 2 1.0 106 98 71 0
107 112 -1 2.0 1 10.0 1 1.0 358 85 72 0
108 112 -1 2.0 4 25.119 2 1.0 5 129 60 1
109 112 1 2.0 1 3.981 2 1.0 271 85 64 0
110 112 1 4.0 3 39.182 1 1.0 59 112 84 0
111 112 1 2.0 3 25.119 2 1.0 197 112 38 0
112 112 -1 2.0 3 25.119 2 1.0 104 112 43 0
113 112 1 2.0 1 10.0 1 1.0 266 85 69 0
114 112 -1 2.0 5 15.849 2 1.0 200 148 85 1
115 112 -1 2.0 1 25.119 2 1.0 240 85 62 0
116 112 1 4.0 5 6.31 1 1.0 332 148 55 0
117 112 1 4.0 2 25.119 2 1.0 35 98 75 0
118 112 -1 4.0 1 10.0 2 1.0 246 85 62 0
119 112 1 4.0 4 25.119 2 1.0 310 129 69 1
120 112 -1 4.0 1 3.981 2 1.0 10 85 32 0
121 112 1 2.0 3 10.0 1 1.0 214 112 86 0
122 112 -1 4.0 4 15.849 1 1.0 340 129 48 0
123 112 -1 4.0 2 25.119 1 1.0 220 98 56 0
124 112 1 2.0 3 3.981 2 1.0 263 112 49 0
125 112 -1 4.0 5 10.0 1 1.0 273 148 71 0
126 112 1 4.0 5 25.119 1 1.0 174 148 37 1
127 112 -1 2.0 4 10.0 1 1.0 298 129 84 0
128 112 1 2.0 2 3.981 2 1.0 295 98 88 1
129 112 -1 4.0 1 25.119 2 1.0 292 85 66 0
130 112 -1 4.0 1 3.981 1 1.0 251 85 36 0
131 112 -1 4.0 1 6.31 2 1.0 184 85 85 0
132 112 1 2.0 4 10.0 2 1.0 158 129 53 0
133 112 1 2.0 2 39.182 2 1.0 316 98 69 1
134 112 -1 4.0 2 6.31 1 1.0 76 98 76 0
135 112 1 4.0 5 15.849 2 1.0 116 148 39 0
136 112 -1 4.0 4 10.0 1 1.0 109 129 43 0
137 112 -1 4.0 3 39.182 1 1.0 176 112 77 0
138 112 -1 2.0 3 6.31 2 1.0 308 112 58 0
139 112 1 2.0 1 3.981 1 1.0 357 85 63 0
140 112 -1 4.0 2 3.981 1 1.0 33 98 71 0
141 112 -1 2.0 2 15.849 2 1.0 316 98 41 0
142 112 1 2.0 1 25.119 2 1.0 202 85 85 0
143 112 -1 4.0 1 25.119 1 1.0 341 85 87 0
144 112 -1 4.0 1 10.0 1 1.0 167 85 82 0
145 112 1 2.0 3 10.0 2 1.0 199 112 87 0
146 112 -1 4.0 3 3.981 1 1.0 36 112 33 0
147 112 1 2.0 2 25.119 1 1.0 226 98 32 1
148 112 -1 2.0 1 15.849 1 1.0 278 85 47 0
149 112 1 2.0 2 10.0 2 1.0 242 98 73 0
150 112 -1 4.0 2 39.182 1 1.0 246 98 85 0
151 112 1 4.0 5 39.182 1 1.0 124 148 83 0
152 112 1 2.0 3 15.849 2 1.0 136 112 36 0
153 112 1 4.0 1 6.31 1 1.0 279 85 89 0
154 112 -1 2.0 4 6.31 2 1.0 358 129 57 0
155 112 1 4.0 5 3.981 2 1.0 227 148 53 0
156 112 1 2.0 5 6.31 1 1.0 299 148 85 1
157 112 -1 4.0 5 39.182 1 1.0 252 148 89 1
158 112 1 2.0 5 15.849 1 1.0 152 148 32 1
159 112 -1 2.0 3 39.182 1 1.0 343 112 86 1
160 112 -1 2.0 2 39.182 1 1.0 66 98 72 0
161 112 -1 2.0 1 15.849 2 1.0 223 85 86 0
162 112 1 2.0 3 6.31 2 1.0 176 112 90 0
163 112 1 2.0 1 6.31 1 1.0 65 85 75 0
164 112 1 2.0 1 15.849 2 1.0 199 85 39 0
165 112 1 4.0 3 15.849 2 1.0 341 112 50 0
166 112 1 4.0 3 10.0 1 1.0 143 112 73 0
167 112 1 4.0 2 3.981 1 1.0 135 98 35 0
168 112 1 2.0 1 39.182 2 1.0 67 85 59 0
169 112 1 2.0 1 25.119 1 1.0 250 85 70 0
170 112 -1 4.0 4 39.182 2 1.0 316 129 67 1
171 112 1 2.0 4 25.119 2 1.0 308 129 54 0
172 112 -1 4.0 1 6.31 1 1.0 142 85 63 0
173 112 1 2.0 1 39.182 1 1.0 19 85 35 0
174 112 -1 2.0 4 25.119 1 1.0 121 129 63 1
175 112 -1 4.0 5 25.119 1 1.0 311 148 57 0
176 112 -1 2.0 3 15.849 1 1.0 187 112 44 0
177 112 1 2.0 3 3.981 1 1.0 287 112 77 0
178 112 1 4.0 3 25.119 1 1.0 263 112 31 0
179 112 -1 2.0 5 39.182 2 1.0 354 148 47 1
180 112 1 4.0 2 10.0 1 1.0 161 98 79 0
181 112 -1 2.0 5 6.31 1 1.0 234 148 53 0
182 112 1 4.0 2 6.31 1 1.0 2 98 88 0
183 112 1 2.0 4 6.31 2 1.0 314 129 83 0
184 112 -1 2.0 5 10.0 1 1.0 356 148 73 0
185 112 -1 4.0 3 6.31 2 1.0 96 112 47 0
186 112 1 2.0 2 39.182 1 1.0 124 98 82 0
187 112 -1 4.0 3 3.981 2 1.0 215 112 50 0
188 112 1 4.0 4 25.119 1 1.0 284 129 39 0
189 112 -1 2.0 1 39.182 1 1.0 262 85 53 0
190 112 -1 2.0 2 10.0 1 1.0 241 98 40 0
191 112 1 2.0 3 39.182 2 1.0 358 112 84 1
192 112 -1 4.0 2 10.0 1 1.0 106 98 33 0
193 112 1 4.0 4 10.0 2 1.0 214 129 48 0
194 112 -1 4.0 5 10.0 2 1.0 245 148 78 0
195 112 -1 2.0 2 25.119 1 1.0 18 98 36 0
196 112 1 4.0 2 10.0 2 1.0 150 98 77 0
197 112 1 2.0 5 10.0 1 1.0 143 148 37 0
198 112 -1 2.0 3 3.981 2 1.0 225 112 33 0
199 112 1 4.0 3 25.119 2 1.0 99 112 77 0
200 112 1 4.0 5 10.0 1 1.0 91 148 31 0
201 112 1 2.0 5 6.31 2 1.0 67 148 84 0
202 112 -1 4.0 1 39.182 2 1.0 181 85 82 0
203 112 -1 2.0 2 3.981 2 1.0 69 98 90 0
204 112 1 2.0 3 39.182 1 1.0 58 112 71 0
205 112 1 2.0 5 10.0 2 1.0 22 148 61 1
206 112 -1 2.0 3 25.119 1 1.0 97 112 41 0
207 112 -1 2.0 4 39.182 2 1.0 198 129 37 0
208 112 1 4.0 1 3.981 1 1.0 333 85 47 0
209 112 -1 4.0 4 3.981 2 1.0 149 129 37 0
210 112 -1 4.0 5 3.981 1 1.0 196 148 75 0
211 112 -1 4.0 3 15.849 2 1.0 231 112 63 1
212 112 1 4.0 3 6.31 1 1.0 356 112 31 0
213 112 -1 2.0 4 15.849 1 1.0 315 129 34 1
214 112 1 4.0 1 10.0 1 1.0 280 85 90 0
215 112 -1 4.0 4 3.981 1 1.0 73 129 72 0
216 112 1 2.0 2 3.981 1 1.0 135 98 87 0
217 112 1 2.0 2 6.31 2 1.0 15 98 47 0
218 112 -1 2.0 3 15.849 2 1.0 334 112 48 0
219 112 1 2.0 4 15.849 1 1.0 36 129 84 0
220 112 1 4.0 1 39.182 1 1.0 307 85 31 0
221 112 1 2.0 2 6.31 1 1.0 323 98 48 0
222 112 1 2.0 5 39.182 1 1.0 1 148 83 0
223 112 -1 4.0 3 39.182 2 1.0 316 112 31 0
224 112 1 4.0 2 25.119 1 1.0 116 98 76 0
225 112 1 4.0 3 10.0 2 1.0 291 112 74 0
226 112 -1 4.0 2 3.981 2 1.0 51 98 90 0
227 112 -1 4.0 4 25.119 2 1.0 55 129 67 0
228 112 -1 4.0 4 6.31 1 1.0 75 129 79 0
229 112 -1 2.0 2 3.981 1 1.0 193 98 62 0
230 112 1 4.0 3 3.981 2 1.0 281 112 83 0
231 112 1 2.0 5 3.981 2 1.0 239 148 58 0
232 112 -1 4.0 3 6.31 1 1.0 90 112 61 0
233 112 -1 2.0 2 10.0 2 1.0 312 98 75 0
234 112 1 4.0 1 10.0 2 1.0 41 85 50 0
235 112 -1 4.0 2 15.849 1 1.0 238 98 48 0
236 112 -1 2.0 2 6.31 1 1.0 117 98 39 0
237 112 -1 2.0 5 25.119 1 1.0 208 148 32 1
238 112 -1 4.0 5 6.31 1 1.0 40 148 52 0
239 112 -1 2.0 5 15.849 1 1.0 252 148 57 1
240 112 -1 2.0 2 39.182 2 1.0 302 98 45 0
241 112 1 4.0 5 10.0 2 1.0 14 148 85 0
242 112 -1 2.0 2 15.849 1 1.0 31 98 71 0
243 112 1 4.0 2 25.119 1 1.0 252 98 84 0
244 112 1 2.0 5 10.0 1 1.0 202 148 47 0
245 112 1 4.0 1 3.981 2 1.0 209 85 34 0
246 112 1 2.0 3 6.31 1 1.0 325 112 44 0
247 112 1 2.0 2 25.119 1 1.0 58 98 57 0
248 112 1 2.0 5 6.31 2 1.0 143 148 64 0
249 112 -1 4.0 5 25.119 2 1.0 199 148 45 0
250 112 -1 2.0 5 10.0 2 1.0 298 148 44 0
251 112 1 4.0 2 6.31 1 1.0 11 98 84 0
252 112 -1 4.0 4 3.981 1 1.0 132 129 67 0
253 112 -1 4.0 1 10.0 1 1.0 281 85 55 0
254 112 1 4.0 5 6.31 1 1.0 324 148 53 1
255 112 -1 4.0 1 6.31 1 1.0 323 85 56 0
256 112 1 2.0 4 25.119 1 1.0 79 129 82 1
257 112 -1 4.0 1 25.119 2 1.0 211 85 80 0
258 112 1 4.0 1 25.119 2 1.0 97 85 87 0
259 112 1 2.0 3 6.31 2 1.0 171 112 43 0
260 112 1 2.0 4 25.119 2 1.0 8 129 37 1
261 112 1 4.0 3 3.981 1 1.0 83 112 56 0
262 112 1 4.0 3 10.0 1 1.0 21 112 78 0
263 112 -1 4.0 4 6.31 2 1.0 192 129 47 0
264 112 -1 2.0 3 39.182 2 1.0 94 112 64 1
265 112 -1 4.0 4 10.0 1 1.0 62 129 74 0
266 112 -1 2.0 3 3.981 1 1.0 212 112 89 0
267 112 1 4.0 4 39.182 1 1.0 285 129 76 1
268 112 -1 2.0 3 10.0 2 1.0 334 112 72 0
269 112 1 4.0 2 6.31 2 1.0 316 98 47 0
270 112 1 4.0 5 25.119 1 1.0 314 148 70 0
271 112 1 4.0 2 3.981 2 1.0 352 98 79 0
272 112 1 2.0 5 39.182 2 1.0 326 148 71 1
273 112 1 2.0 1 15.849 2 1.0 229 85 49 0
274 112 1 2.0 1 6.31 1 1.0 8 85 58 0
275 112 1 4.0 4 3.981 1 1.0 30 129 56 0
276 112 -1 4.0 2 25.119 2 1.0 225 98 69 0
277 112 -1 2.0 5 15.849 2 1.0 267 148 54 0
278 112 -1 4.0 5 6.31 1 1.0 238 148 88 0
279 112 -1 4.0 3 3.981 2 1.0 195 112 58 0
280 112 1 4.0 3 15.849 2 1.0 12 112 50 0
281 112 1 4.0 5 15.849 1 1.0 192 148 37 0
282 112 1 2.0 1 6.31 2 1.0 143 85 62 0
283 112 1 4.0 3 6.31 2 1.0 272 112 73 0
284 112 -1 4.0 3 25.119 1 1.0 310 112 60 0
285 112 -1 4.0 2 3.981 1 1.0 181 98 68 0
286 112 -1 2.0 5 15.849 1 1.0 356 148 37 0
287 112 1 4.0 4 25.119 2 1.0 343 129 79 0
288 112 1 2.0 4 3.981 1 1.0 297 129 40 0
289 112 -1 2.0 2 10.0 2 1.0 326 98 51 0
290 112 -1 4.0 1 3.981 2 1.0 340 85 58 0
291 112 -1 2.0 4 39.182 1 1.0 176 129 83 1
292 112 -1 4.0 5 3.981 2 1.0 192 148 65 0
293 112 -1 2.0 1 10.0 2 1.0 345 85 47 0
294 112 -1 4.0 2 15.849 1 1.0 280 98 37 1
295 112 -1 2.0 5 39.182 1 1.0 302 148 42 1
296 112 -1 4.0 3 10.0 1 1.0 244 112 73 0
297 112 1 2.0 2 15.849 1 1.0 194 98 47 0
298 112 -1 4.0 5 10.0 2 1.0 203 148 47 1
299 112 -1 2.0 1 6.31 2 1.0 354 85 82 0
300 112 1 4.0 4 39.182 2 1.0 166 129 51 0
301 112 -1 4.0 1 15.849 1 1.0 134 85 56 0
302 112 -1 4.0 2 3.981 2 1.0 181 98 67 0
303 112 1 4.0 3 25.119 1 1.0 72 112 66 0
304 112 1 2.0 5 39.182 1 1.0 68 148 61 1
305 112 -1 4.0 4 39.182 1 1.0 37 129 32 1
306 112 1 4.0 2 25.119 2 1.0 0 98 39 0
307 112 1 4.0 3 6.31 1 1.0 225 112 64 0
308 112 1 2.0 1 39.182 1 1.0 8 85 65 0
309 112 1 2.0 5 6.31 1 1.0 22 148 54 0
310 112 1 2.0 4 6.31 2 1.0 324 129 44 1
311 112 1 2.0 2 39.182 2 1.0 270 98 75 0
312 112 1 4.0 4 10.0 2 1.0 268 129 77 0
313 112 1 2.0 1 10.0 1 1.0 340 85 50 0
314 112 -1 4.0 3 6.31 1 1.0 25 112 59 0
315 112 -1 4.0 3 39.182 2 1.0 177 112 76 0
316 112 1 4.0 5 10.0 1 1.0 189 148 30 0
317 112 -1 4.0 3 15.849 1 1.0 23 112 35 0
318 112 1 4.0 2 10.0 1 1.0 335 98 61 0
319 112 -1 2.0 2 25.119 1 1.0 232 98 48 0
320 112 1 4.0 1 10.0 2 1.0 155 85 37 0
321 112 1 4.0 2 39.182 2 1.0 215 98 42 0
322 112 -1 2.0 3 3.981 2 1.0 322 112 73 0
323 112 1 4.0 1 25.119 1 1.0 14 85 56 0
324 112 -1 2.0 3 15.849 1 1.0 141 112 45 0
325 112 -1 2.0 3 6.31 2 1.0 107 112 60 0
326 112 1 2.0 3 25.119 2 1.0 100 112 84 1
327 112 -1 2.0 5 3.981 2 1.0 214 148 48 0
328 112 1 2.0 1 39.182 2 1.0 85 85 75 0
329 112 1 4.0 5 3.981 1 1.0 102 148 40 0
330 112 -1 2.0 5 6.31 2 1.0 258 148 76 0
331 112 1 4.0 1 15.849 2 1.0 304 85 52 0
332 112 1 4.0 2 15.849 2 1.0 289 98 70 0
333 112 -1 2.0 3 10.0 1 1.0 16 112 62 0
334 112 1 2.0 5 15.849 1 1.0 156 148 31 0
335 112 -1 4.0 5 39.182 2 1.0 15 148 67 1
336 112 1 2.0 4 6.31 1 1.0 309 129 51 0
337 112 -1 2.0 1 15.849 1 1.0 59 85 56 0
338 112 1 4.0 1 6.31 1 1.0 67 85 59 0
339 112 -1 2.0 4 15.849 1 1.0 186 129 45 0
340 112 1 4.0 4 3.981 2 1.0 91 129 52 0
341 112 1 2.0 4 10.0 1 1.0 77 129 72 0
342 112 -1 4.0 4 39.182 2 1.0 247 129 89 0
343 112 -1 2.0 1 39.182 2 1.0 190 85 40 0
344 112 1 2.0 2 3.981 2 1.0 144 98 76 0
345 112 1 2.0 1 15.849 1 1.0 178 85 41 0
346 112 1 2.0 5 3.981 1 1.0 91 148 54 0
347 112 1 4.0 5 39.182 1 1.0 125 148 70 1
348 112 -1 2.0 5 25.119 2 1.0 43 148 59 0
349 112 1 2.0 2 25.119 2 1.0 44 98 58 0
350 112 1 4.0 1 10.0 1 1.0 118 85 63 0
351 112 1 2.0 2 3.981 1 1.0 58 98 61 0
352 112 1 2.0 5 25.119 1 1.0 17 148 45 1
353 112 -1 2.0 3 25.119 2 1.0 332 112 73 0
354 112 1 4.0 4 15.849 1 1.0 69 129 79 0
355 112 -1 2.0 1 39.182 1 1.0 216 85 78 0
356 112 -1 4.0 2 6.31 2 1.0 248 98 47 0
357 112 -1 2.0 2 6.31 2 1.0 319 98 86 0
358 112 1 4.0 1 39.182 2 1.0 8 85 77 0
359 112 -1 2.0 4 6.31 2 1.0 145 129 71 0
360 112 -1 4.0 2 10.0 2 1.0 313 98 42 0
361 112 1 4.0 3 3.981 2 1.0 4 112 51 0
362 112 1 2.0 2 10.0 1 1.0 312 98 77 0
363 112 -1 4.0 5 15.849 1 1.0 76 148 72 1
364 112 1 2.0 3 10.0 1 1.0 273 112 89 0
365 112 1 2.0 2 39.182 1 1.0 306 98 47 0
366 112 -1 2.0 1 10.0 1 1.0 237 85 64 0
367 112 -1 4.0 2 6.31 1 1.0 122 98 39 0
368 112 -1 2.0 5 3.981 1 1.0 41 148 74 0
369 112 1 2.0 1 25.119 2 1.0 140 85 78 0
370 112 1 4.0 4 10.0 1 1.0 327 129 73 0
371 112 1 2.0 3 39.182 1 1.0 306 112 77 0
372 112 1 4.0 3 25.119 2 1.0 215 112 71 0
373 112 -1 4.0 3 15.849 2 1.0 245 112 68 0
374 112 -1 2.0 5 25.119 1 1.0 217 148 62 1
375 112 -1 2.0 2 10.0 1 1.0 269 98 35 0
376 112 1 2.0 3 39.182 2 1.0 125 112 73 0
377 112 -1 4.0 1 39.182 1 1.0 59 85 69 0
378 112 -1 4.0 4 15.849 1 1.0 83 129 79 0
379 112 -1 2.0 1 25.119 1 1.0 103 85 34 0
380 112 -1 4.0 4 25.119 1 1.0 290 129 56 0
381 112 -1 4.0 3 3.981 1 1.0 292 112 84 0
382 112 -1 2.0 4 39.182 2 1.0 32 129 45 1
383 112 -1 2.0 1 3.981 1 1.0 67 85 88 0
384 112 1 4.0 2 39.182 1 1.0 305 98 72 0
385 112 -1 2.0 2 6.31 1 1.0 314 98 76 0
386 112 1 2.0 1 3.981 2 1.0 351 85 66 0
387 112 -1 2.0 2 15.849 2 1.0 213 98 31 0
388 112 -1 4.0 4 25.119 2 1.0 163 129 37 1
389 112 1 4.0 1 39.182 1 1.0 14 85 47 0
390 112 -1 4.0 4 6.31 1 1.0 60 129 35 0
391 112 1 2.0 2 6.31 2 1.0 201 98 81 0
392 112 1 2.0 4 3.981 2 1.0 237 129 75 0
393 112 1 4.0 1 3.981 1 1.0 307 85 34 0
394 112 -1 4.0 5 25.119 1 1.0 61 148 58 1
395 112 1 2.0 4 15.849 1 1.0 170 129 30 0
396 112 -1 4.0 4 15.849 2 1.0 288 129 56 0
397 112 1 4.0 3 15.849 1 1.0 3 112 56 0
398 112 -1 2.0 5 6.31 1 1.0 315 148 53 0
399 112 -1 2.0 2 3.981 2 1.0 105 98 72 0
400 112 1 2.0 5 10.0 2 1.0 276 148 57 0
401 112 -1 4.0 3 39.182 1 1.0 357 112 45 0
402 112 1 2.0 5 15.849 2 1.0 191 148 90 0
403 112 -1 4.0 2 39.182 2 1.0 277 98 32 0
404 112 1 2.0 3 15.849 2 1.0 236 112 77 0
405 112 1 4.0 5 39.182 2 1.0 185 148 87 0
406 112 -1 2.0 1 3.981 2 1.0 58 85 50 0
407 112 -1 2.0 3 6.31 1 1.0 246 112 81 0
408 112 -1 4.0 5 39.182 1 1.0 264 148 86 0
409 112 1 4.0 4 6.31 1 1.0 282 129 41 0
410 112 1 4.0 3 39.182 1 1.0 73 112 45 1
411 112 -1 4.0 4 3.981 2 1.0 357 129 32 0
412 112 -1 2.0 5 10.0 1 1.0 74 148 55 1
413 112 1 4.0 3 39.182 2 1.0 265 112 62 0
414 112 -1 4.0 4 10.0 2 1.0 16 129 87 1
415 112 -1 2.0 4 25.119 2 1.0 201 129 36 0
416 112 1 2.0 1 3.981 1 1.0 67 85 36 0
417 112 1 4.0 5 6.31 2 1.0 171 148 58 0
418 112 1 4.0 2 15.849 1 1.0 172 98 62 0
419 112 1 4.0 5 25.119 2 1.0 106 148 76 0
420 112 1 4.0 1 6.31 2 1.0 172 85 49 0
421 112 -1 2.0 4 3.981 2 1.0 107 129 87 0
422 112 -1 2.0 3 15.849 2 1.0 77 112 46 1
423 112 -1 4.0 1 10.0 2 1.0 254 85 46 0
424 112 1 2.0 5 25.119 2 1.0 60 148 47 0
425 112 -1 4.0 1 15.849 2 1.0 2 85 55 0
426 112 -1 2.0 1 25.119 2 1.0 161 85 42 0
427 112 -1 2.0 2 3.981 1 1.0 297 98 39 0
428 112 -1 4.0 2 25.119 1 1.0 236 98 44 0
429 112 -1 4.0 5 3.981 1 1.0 36 148 47 0
430 112 -1 2.0 4 15.849 2 1.0 136 129 51 0
431 112 -1 2.0 1 15.849 2 1.0 31 85 73 0
432 112 -1 2.0 4 10.0 2 1.0 344 129 77 0
433 112 1 4.0 4 15.849 2 1.0 40 129 70 0
434 112 1 4.0 1 15.849 1 1.0 68 85 68 0
435 112 1 4.0 2 3.981 1 1.0 121 98 46 0
436 112 -1 2.0 3 25.119 1 1.0 51 112 42 0
437 112 -1 4.0 1 3.981 1 1.0 94 85 85 0
438 112 1 2.0 3 3.981 2 1.0 110 112 78 0
439 112 1 2.0 4 39.182 2 1.0 29 129 39 1
440 112 -1 4.0 3 25.119 2 1.0 327 112 89 0
441 112 1 4.0 4 6.31 2 1.0 86 129 33 0
442 112 -1 4.0 1 39.182 2 1.0 79 85 30 0
443 112 -1 4.0 5 15.849 2 1.0 146 148 48 1
444 112 -1 2.0 2 25.119 2 1.0 324 98 58 0
445 112 1 4.0 4 25.119 1 1.0 177 129 72 0
446 112 1 2.0 3 25.119 1 1.0 293 112 40 0
447 112 1 2.0 5 3.981 2 1.0 107 148 73 1
448 112 -1 2.0 4 6.31 1 1.0 258 129 61 0
449 112 1 2.0 2 15.849 2 1.0 297 98 66 0
450 112 1 2.0 4 10.0 2 1.0 74 129 85 0
451 112 1 4.0 3 10.0 2 1.0 213 112 40 0
452 112 1 2.0 2 10.0 2 1.0 176 98 75 0
453 112 -1 4.0 1 25.119 1 1.0 90 85 41 0
454 112 1 4.0 2 10.0 2 1.0 188 98 30 0
455 112 -1 2.0 4 25.119 1 1.0 325 129 69 0
456 112 1 2.0 3 15.849 1 1.0 221 112 47 0
457 112 -1 2.0 4 3.981 1 1.0 25 129 78 0
458 112 -1 2.0 4 10.0 1 1.0 161 129 72 0
459 112 -1 4.0 5 10.0 1 1.0 97 148 66 0
460 112 -1 4.0 2 39.182 1 1.0 227 98 44 1
461 112 -1 2.0 2 39.182 1 1.0 327 98 56 0
462 112 1 2.0 4 39.182 1 1.0 149 129 55 1
463 112 -1 2.0 5 39.182 2 1.0 27 148 38 1
464 112 -1 4.0 3 6.31 2 1.0 64 112 53 0
465 112 1 2.0 4 15.849 2 1.0 172 129 69 0
466 112 1 4.0 5 15.849 2 1.0 74 148 38 0
467 112 -1 2.0 2 39.182 2 1.0 90 98 55 0
468 112 1 2.0 3 3.981 1 1.0 156 112 90 0
469 112 -1 2.0 3 39.182 1 1.0 38 112 48 0
470 112 1 2.0 2 6.31 1 1.0 274 98 33 0
471 112 -1 4.0 2 10.0 1 1.0 149 98 64 0
472 112 -1 4.0 3 10.0 2 1.0 8 112 57 1
473 112 1 2.0 3 10.0 2 1.0 142 112 66 0
474 112 -1 4.0 2 15.849 2 1.0 263 98 37 0
475 112 1 2.0 1 10.0 2 1.0 116 85 63 0
476 112 1 4.0 5 3.981 2 1.0 238 148 69 0
477 112 -1 2.0 1 6.31 1 1.0 95 85 38 0
478 112 -1 4.0 1 6.31 2 1.0 140 85 83 0
479 112 -1 4.0 5 6.31 2 1.0 1 148 77 0
480 112 1 2.0 1 25.119 1 1.0 286 85 49 0
