trial durationTest direction radius durationComparison speed number size iniAngle1 durComp onset response
1 112 1 4.0 2 3.981 1 1.0 15 98 87 0
2 112 -1 2.0 1 25.119 2 1.0 353 85 90 1
3 112 -1 2.0 2 25.119 2 1.0 120 98 44 0
4 112 1 2.0 2 6.31 2 1.0 154 98 39 0
5 112 -1 2.0 5 15.849 1 1.0 8 148 72 1
6 112 -1 2.0 3 15.849 2 1.0 81 112 39 0
7 112 1 4.0 1 25.119 1 1.0 180 85 42 1
8 112 -1 2.0 2 10.0 1 1.0 165 98 83 0
9 112 -1 4.0 1 25.119 2 1.0 313 85 55 0
10 112 1 2.0 4 39.182 1 1.0 111 129 65 0
11 112 1 2.0 2 3.981 1 1.0 165 98 89 0
12 112 -1 4.0 1 15.849 2 1.0 62 85 43 0
13 112 1 4.0 2 15.849 1 1.0 43 98 62 0
14 112 1 2.0 1 15.849 1 1.0 276 85 77 0
15 112 -1 4.0 4 3.981 2 1.0 31 129 59 0
16 112 -1 4.0 1 39.182 1 1.0 84 85 78 0
17 112 1 4.0 4 3.981 1 1.0 30 129 71 0
18 112 -1 2.0 4 25.119 2 1.0 139 129 51 1
19 112 -1 4.0 1 25.119 1 1.0 114 85 58 0
20 112 1 2.0 5 25.119 2 1.0 314 148 52 0
21 112 1 2.0 3 25.119 1 1.0 59 112 49 1
22 112 1 2.0 2 15.849 1 1.0 289 98 64 0
23 112 1 4.0 2 15.849 2 1.0 61 98 46 0
24 112 -1 4.0 4 15.849 1 1.0 119 129 70 0
25 112 1 2.0 4 25.119 1 1.0 207 129 48 0
26 112 -1 2.0 2 10.0 2 1.0 51 98 33 0
27 112 -1 2.0 5 3.981 2 1.0 248 148 52 0
28 112 1 2.0 4 39.182 2 1.0 328 129 53 1
29 112 1 4.0 4 39.182 1 1.0 243 129 55 0
30 112 -1 2.0 3 25.119 1 1.0 96 112 69 0
31 112 1 4.0 3 6.31 2 1.0 142 112 57 0
32 112 -1 4.0 4 3.981 1 1.0 46 129 34 0
33 112 -1 4.0 2 15.849 2 1.0 62 98 57 0
34 112 1 2.0 5 6.31 2 1.0 217 148 73 1
35 112 -1 4.0 2 10.0 1 1.0 346 98 80 0
36 112 -1 2.0 2 3.981 2 1.0 111 98 40 0
37 112 1 2.0 5 15.849 2 1.0 132 148 82 0
38 112 -1 2.0 2 15.849 1 1.0 87 98 88 0
39 112 1 2.0 1 10.0 1 1.0 339 85 64 0
40 112 1 4.0 1 10.0 2 1.0 148 85 50 0
41 112 -1 4.0 4 10.0 2 1.0 1 129 47 1
42 112 1 2.0 5 3.981 1 1.0 320 148 84 1
43 112 -1 2.0 4 39.182 1 1.0 180 129 57 0
44 112 -1 2.0 2 3.981 1 1.0 99 98 88 0
45 112 1 4.0 2 25.119 1 1.0 244 98 85 0
46 112 -1 4.0 4 25.119 1 1.0 254 129 31 1
47 112 -1 2.0 5 3.981 1 1.0 33 148 53 0
48 112 1 2.0 3 6.31 1 1.0 267 112 31 0
49 112 -1 2.0 3 10.0 1 1.0 72 112 55 1
50 112 -1 2.0 5 6.31 2 1.0 245 148 58 1
51 112 1 4.0 4 10.0 1 1.0 319 129 33 1
52 112 -1 4.0 3 25.119 2 1.0 292 112 45 0
53 112 -1 4.0 2 10.0 2 1.0 110 98 46 0
54 112 1 4.0 5 15.849 2 1.0 286 148 54 0
55 112 -1 4.0 3 25.119 1 1.0 12 112 77 0
56 112 -1 4.0 3 15.849 1 1.0 22 112 66 1
57 112 -1 2.0 3 3.981 1 1.0 201 112 50 0
58 112 1 2.0 2 39.182 2 1.0 57 98 69 1
59 112 1 4.0 3 10.0 1 1.0 203 112 48 1
60 112 -1 4.0 5 39.182 2 1.0 260 148 89 1
61 112 -1 2.0 5 39.182 2 1.0 274 148 38 1
62 112 1 4.0 1 3.981 2 1.0 101 85 83 0
63 112 -1 2.0 2 6.31 1 1.0 168 98 66 0
64 112 -1 2.0 3 15.849 1 1.0 253 112 79 0
65 112 -1 4.0 3 6.31 1 1.0 131 112 46 0
66 112 1 4.0 1 15.849 1 1.0 197 85 35 0
67 112 1 4.0 3 3.981 1 1.0 237 112 34 0
68 112 -1 4.0 3 6.31 2 1.0 326 112 37 0
69 112 -1 4.0 3 39.182 2 1.0 350 112 44 0
70 112 1 4.0 4 25.119 2 1.0 188 129 47 1
71 112 1 2.0 3 25.119 2 1.0 134 112 63 1
72 112 -1 4.0 3 10.0 1 1.0 24 112 39 0
73 112 1 2.0 3 15.849 1 1.0 295 112 32 0
74 112 -1 4.0 5 10.0 2 1.0 71 148 73 0
75 112 -1 4.0 4 25.119 2 1.0 6 129 57 0
76 112 1 4.0 1 6.31 1 1.0 262 85 48 0
77 112 1 2.0 4 25.119 2 1.0 284 129 36 0
78 112 -1 2.0 1 3.981 2 1.0 50 85 49 0
79 112 1 2.0 1 15.849 2 1.0 319 85 56 0
80 112 -1 4.0 5 25.119 2 1.0 38 148 64 1
81 112 -1 2.0 4 15.849 2 1.0 269 129 60 1
82 112 1 4.0 2 39.182 1 1.0 150 98 40 0
83 112 -1 4.0 4 10.0 1 1.0 94 129 46 0
84 112 1 2.0 1 6.31 1 1.0 183 85 48 0
85 112 1 2.0 2 6.31 1 1.0 177 98 56 0
86 112 -1 2.0 3 6.31 1 1.0 279 112 54 0
87 112 1 4.0 2 39.182 2 1.0 105 98 41 0
88 112 1 2.0 1 39.182 1 1.0 260 85 59 0
89 112 -1 4.0 5 6.31 1 1.0 72 148 37 1
90 112 1 2.0 1 10.0 2 1.0 75 85 35 0
91 112 -1 4.0 4 6.31 1 1.0 44 129 41 0
92 112 1 2.0 5 39.182 2 1.0 103 148 87 0
93 112 1 2.0 4 15.849 1 1.0 313 129 69 0
94 112 1 2.0 4 10.0 1 1.0 69 129 78 0
95 112 1 4.0 1 39.182 2 1.0 288 85 44 0
96 112 -1 2.0 3 3.981 2 1.0 48 112 57 0
97 112 -1 2.0 4 10.0 1 1.0 293 129 66 0
98 112 1 4.0 1 15.849 2 1.0 148 85 47 0
99 112 1 2.0 2 10.0 2 1.0 340 98 30 0
100 112 -1 2.0 4 10.0 2 1.0 115 129 88 1
101 112 1 2.0 5 6.31 1 1.0 274 148 80 0
102 112 1 2.0 4 3.981 2 1.0 208 129 88 0
103 112 -1 4.0 3 10.0 2 1.0 241 112 45 0
104 112 1 4.0 5 15.849 1 1.0 334 148 86 1
105 112 1 2.0 2 3.981 2 1.0 125 98 41 1
106 112 -1 4.0 4 39.182 2 1.0 23 129 78 0
107 112 1 2.0 3 39.182 1 1.0 197 112 46 0
108 112 -1 4.0 5 39.182 1 1.0 180 148 77 1
109 112 1 2.0 5 10.0 2 1.0 313 148 46 0
110 112 1 4.0 5 10.0 2 1.0 289 148 80 0
111 112 1 4.0 1 10.0 1 1.0 271 85 81 0
112 112 1 2.0 5 3.981 2 1.0 133 148 85 0
113 112 -1 2.0 4 15.849 1 1.0 280 129 47 0
114 112 -1 2.0 4 6.31 1 1.0 163 129 70 0
115 112 -1 2.0 1 39.182 1 1.0 123 85 58 0
116 112 1 2.0 1 3.981 1 1.0 164 85 57 0
117 112 -1 4.0 2 3.981 2 1.0 233 98 35 0
118 112 -1 2.0 5 39.182 1 1.0 45 148 45 1
119 112 -1 2.0 5 10.0 2 1.0 31 148 53 1
120 112 -1 2.0 1 15.849 1 1.0 116 85 40 0
121 112 1 4.0 5 10.0 1 1.0 108 148 38 0
122 112 -1 2.0 3 6.31 2 1.0 88 112 34 0
123 112 1 4.0 2 10.0 1 1.0 234 98 60 0
124 112 -1 2.0 1 10.0 1 1.0 275 85 42 0
125 112 1 2.0 3 6.31 2 1.0 134 112 74 0
126 112 -1 4.0 4 6.31 2 1.0 107 129 50 1
127 112 1 2.0 3 10.0 1 1.0 40 112 54 0
128 112 1 4.0 5 3.981 1 1.0 268 148 89 1
129 112 -1 4.0 5 6.31 2 1.0 264 148 39 0
130 112 -1 2.0 4 3.981 1 1.0 181 129 86 0
131 112 1 2.0 3 15.849 2 1.0 196 112 51 0
132 112 1 2.0 1 6.31 2 1.0 39 85 88 0
133 112 1 2.0 5 39.182 1 1.0 207 148 62 1
134 112 -1 2.0 2 25.119 1 1.0 285 98 46 0
135 112 1 2.0 2 15.849 2 1.0 336 98 84 0
136 112 -1 4.0 2 25.119 2 1.0 337 98 30 0
137 112 1 2.0 4 6.31 1 1.0 357 129 69 0
138 112 1 2.0 3 3.981 2 1.0 247 112 37 1
139 112 1 4.0 5 6.31 1 1.0 185 148 83 0
140 112 1 2.0 5 10.0 1 1.0 136 148 31 1
141 112 1 4.0 3 25.119 1 1.0 358 112 39 0
142 112 -1 2.0 2 39.182 1 1.0 166 98 72 0
143 112 1 2.0 1 3.981 2 1.0 31 85 50 0
144 112 -1 4.0 2 6.31 1 1.0 320 98 46 0
145 112 -1 4.0 1 39.182 2 1.0 199 85 58 0
146 112 1 4.0 5 6.31 2 1.0 323 148 68 0
147 112 -1 4.0 2 39.182 1 1.0 107 98 48 1
148 112 -1 2.0 4 3.981 2 1.0 136 129 44 0
149 112 1 2.0 3 3.981 1 1.0 161 112 61 0
150 112 1 4.0 3 15.849 2 1.0 346 112 68 0
151 112 1 4.0 4 25.119 1 1.0 179 129 59 1
152 112 -1 2.0 3 39.182 2 1.0 81 112 40 0
153 112 -1 2.0 1 10.0 2 1.0 211 85 80 0
154 112 -1 2.0 1 3.981 1 1.0 73 85 58 0
155 112 -1 4.0 1 6.31 2 1.0 189 85 52 0
156 112 -1 2.0 5 6.31 1 1.0 51 148 80 1
157 112 1 4.0 5 3.981 2 1.0 354 148 59 0
158 112 1 4.0 4 15.849 2 1.0 248 129 52 0
159 112 -1 2.0 1 6.31 2 1.0 265 85 43 0
160 112 -1 4.0 2 25.119 1 1.0 324 98 71 0
161 112 1 4.0 4 10.0 2 1.0 269 129 90 1
162 112 1 4.0 2 25.119 2 1.0 120 98 85 1
163 112 1 4.0 5 25.119 2 1.0 169 148 83 1
164 112 1 2.0 5 15.849 1 1.0 8 148 57 1
165 112 -1 4.0 1 6.31 1 1.0 292 85 64 0
166 112 -1 4.0 1 3.981 1 1.0 297 85 72 0
167 112 1 2.0 1 39.182 2 1.0 63 85 55 0
168 112 1 2.0 4 15.849 2 1.0 274 129 81 0
169 112 1 4.0 2 3.981 2 1.0 187 98 64 0
170 112 -1 2.0 1 6.31 1 1.0 210 85 33 0
171 112 -1 2.0 5 15.849 2 1.0 207 148 33 1
172 112 1 4.0 1 3.981 1 1.0 97 85 84 0
173 112 1 2.0 3 10.0 2 1.0 12 112 74 0
174 112 1 4.0 5 39.182 1 1.0 58 148 85 1
175 112 1 4.0 4 3.981 2 1.0 260 129 39 1
176 112 -1 4.0 5 25.119 1 1.0 249 148 58 0
177 112 1 2.0 4 10.0 2 1.0 7 129 60 0
178 112 1 2.0 2 10.0 1 1.0 36 98 80 0
179 112 1 4.0 3 39.182 2 1.0 69 112 66 0
180 112 -1 2.0 5 10.0 1 1.0 10 148 57 0
181 112 -1 4.0 2 39.182 2 1.0 175 98 54 0
182 112 1 4.0 3 6.31 1 1.0 192 112 31 0
183 112 1 2.0 4 3.981 1 1.0 11 129 45 0
184 112 -1 4.0 1 15.849 1 1.0 170 85 48 1
185 112 1 4.0 5 25.119 1 1.0 210 148 54 0
186 112 -1 2.0 4 6.31 2 1.0 100 129 63 1
187 112 1 4.0 4 6.31 2 1.0 299 129 68 0
188 112 -1 2.0 5 25.119 1 1.0 204 148 41 1
189 112 -1 2.0 3 10.0 2 1.0 2 112 57 0
190 112 -1 2.0 2 15.849 2 1.0 277 98 45 0
191 112 -1 4.0 1 10.0 2 1.0 33 85 47 1
192 112 -1 4.0 5 10.0 1 1.0 182 148 49 1
193 112 -1 4.0 3 15.849 2 1.0 224 112 37 0
194 112 -1 2.0 3 25.119 2 1.0 124 112 76 0
195 112 1 2.0 2 25.119 2 1.0 6 98 73 1
196 112 1 4.0 4 39.182 2 1.0 228 129 57 0
197 112 -1 4.0 1 10.0 1 1.0 12 85 40 0
198 112 -1 2.0 5 25.119 2 1.0 336 148 35 0
199 112 1 2.0 1 25.119 2 1.0 242 85 85 1
200 112 1 2.0 2 25.119 1 1.0 173 98 33 1
201 112 1 4.0 3 3.981 2 1.0 163 112 52 0
202 112 1 4.0 3 10.0 2 1.0 344 112 56 0
203 112 -1 2.0 4 25.119 1 1.0 251 129 64 0
204 112 -1 4.0 2 15.849 1 1.0 62 98 55 0
205 112 -1 4.0 2 6.31 2 1.0 127 98 51 0
206 112 -1 2.0 1 25.119 1 1.0 289 85 67 0
207 112 -1 4.0 3 3.981 1 1.0 96 112 82 0
208 112 1 2.0 4 6.31 2 1.0 323 129 67 0
209 112 -1 4.0 2 3.981 1 1.0 31 98 33 0
210 112 1 2.0 3 39.182 2 1.0 205 112 53 1
211 112 -1 4.0 1 3.981 2 1.0 76 85 42 0
212 112 1 4.0 2 6.31 1 1.0 267 98 77 0
213 112 -1 4.0 5 3.981 1 1.0 112 148 36 0
214 112 1 4.0 2 10.0 2 1.0 320 98 45 0
215 112 1 4.0 1 6.31 2 1.0 139 85 89 0
216 112 -1 4.0 5 15.849 2 1.0 243 148 79 1
217 112 1 4.0 1 25.119 2 1.0 30 85 71 0
218 112 1 2.0 2 39.182 1 1.0 107 98 84 0
219 112 1 2.0 5 25.119 1 1.0 56 148 62 1
220 112 -1 4.0 3 3.981 2 1.0 117 112 61 0
221 112 1 4.0 3 39.182 1 1.0 212 112 44 0
222 112 -1 4.0 5 15.849 1 1.0 84 148 35 0
223 112 -1 4.0 4 39.182 1 1.0 6 129 77 0
224 112 1 4.0 1 39.182 1 1.0 44 85 58 0
225 112 1 4.0 3 25.119 2 1.0 13 112 84 1
226 112 -1 4.0 4 15.849 2 1.0 218 129 50 0
227 112 -1 2.0 2 6.31 2 1.0 323 98 90 0
228 112 -1 2.0 4 39.182 2 1.0 45 129 48 0
229 112 -1 4.0 3 39.182 1 1.0 208 112 63 1
230 112 1 4.0 5 39.182 2 1.0 283 148 46 0
231 112 -1 2.0 1 15.849 2 1.0 54 85 58 0
232 112 1 4.0 4 15.849 1 1.0 195 129 89 0
233 112 -1 2.0 1 39.182 2 1.0 262 85 35 0
234 112 -1 4.0 5 3.981 2 1.0 320 148 77 1
235 112 -1 2.0 2 39.182 2 1.0 36 98 65 1
236 112 1 4.0 3 15.849 1 1.0 279 112 82 0
237 112 1 4.0 4 6.31 1 1.0 101 129 72 0
238 112 1 2.0 1 25.119 1 1.0 2 85 42 0
239 112 -1 2.0 3 39.182 1 1.0 283 112 50 0
240 112 1 4.0 2 6.31 2 1.0 197 98 89 0
241 112 -1 4.0 4 10.0 2 1.0 53 129 90 0
242 112 1 2.0 2 15.849 2 1.0 128 98 33 0
243 112 -1 2.0 3 3.981 2 1.0 16 112 57 0
244 112 -1 4.0 4 25.119 2 1.0 204 129 80 0
245 112 -1 2.0 1 10.0 2 1.0 35 85 79 0
246 112 -1 4.0 5 25.119 2 1.0 151 148 89 0
247 112 1 4.0 5 10.0 2 1.0 90 148 64 0
248 112 1 4.0 4 3.981 2 1.0 346 129 61 1
249 112 1 2.0 5 3.981 1 1.0 151 148 63 0
250 112 -1 4.0 2 10.0 2 1.0 322 98 90 0
251 112 -1 2.0 3 10.0 2 1.0 237 112 86 0
252 112 -1 4.0 5 6.31 1 1.0 174 148 86 1
253 112 1 2.0 1 25.119 1 1.0 325 85 42 0
254 112 1 4.0 5 25.119 1 1.0 70 148 48 1
255 112 -1 2.0 5 15.849 2 1.0 304 148 82 0
256 112 1 2.0 4 10.0 1 1.0 315 129 51 1
257 112 -1 4.0 5 25.119 1 1.0 39 148 51 0
258 112 1 4.0 4 15.849 1 1.0 130 129 69 0
259 112 1 2.0 1 15.849 2 1.0 346 85 53 0
260 112 -1 2.0 4 25.119 1 1.0 109 129 31 1
261 112 1 2.0 5 6.31 2 1.0 8 148 76 0
262 112 1 2.0 3 10.0 1 1.0 286 112 41 0
263 112 -1 2.0 3 6.31 1 1.0 150 112 85 1
264 112 1 4.0 2 3.981 1 1.0 231 98 34 0
265 112 -1 4.0 1 3.981 1 1.0 312 85 77 0
266 112 -1 2.0 1 15.849 1 1.0 59 85 64 0
267 112 -1 2.0 1 25.119 1 1.0 126 85 77 0
268 112 1 2.0 5 3.981 2 1.0 217 148 67 0
269 112 1 4.0 1 15.849 1 1.0 40 85 69 1
270 112 1 2.0 4 6.31 2 1.0 295 129 35 1
271 112 -1 2.0 5 15.849 1 1.0 276 148 38 0
272 112 -1 2.0 5 39.182 1 1.0 195 148 63 0
273 112 1 2.0 5 10.0 1 1.0 345 148 83 1
274 112 -1 4.0 2 39.182 1 1.0 343 98 30 0
275 112 -1 4.0 5 39.182 2 1.0 308 148 33 0
276 112 1 2.0 1 10.0 1 1.0 148 85 54 0
277 112 1 2.0 2 10.0 2 1.0 8 98 45 1
278 112 -1 2.0 4 3.981 2 1.0 276 129 33 0
279 112 -1 4.0 3 39.182 2 1.0 152 112 74 1
280 112 1 4.0 2 6.31 2 1.0 108 98 79 0
281 112 -1 2.0 2 10.0 2 1.0 333 98 36 0
282 112 1 2.0 5 6.31 1 1.0 333 148 43 0
283 112 1 4.0 1 3.981 1 1.0 12 85 45 0
284 112 -1 2.0 1 3.981 2 1.0 3 85 30 1
285 112 1 4.0 3 39.182 2 1.0 55 112 78 0
286 112 -1 2.0 3 6.31 2 1.0 282 112 51 0
287 112 1 4.0 4 6.31 1 1.0 300 129 56 0
288 112 1 4.0 2 10.0 1 1.0 198 98 38 0
289 112 -1 4.0 5 15.849 2 1.0 33 148 77 1
290 112 -1 2.0 5 39.182 2 1.0 323 148 55 1
291 112 -1 2.0 2 3.981 1 1.0 163 98 70 0
292 112 -1 4.0 3 10.0 1 1.0 132 112 74 0
293 112 1 4.0 3 10.0 2 1.0 58 112 38 1
294 112 -1 2.0 3 25.119 2 1.0 205 112 81 0
295 112 1 4.0 2 15.849 1 1.0 316 98 51 1
296 112 -1 2.0 4 3.981 1 1.0 23 129 56 0
297 112 1 2.0 3 3.981 2 1.0 173 112 55 1
298 112 -1 4.0 5 15.849 1 1.0 197 148 42 0
299 112 -1 2.0 5 25.119 1 1.0 184 148 50 0
300 112 -1 4.0 1 6.31 2 1.0 348 85 36 0
301 112 1 4.0 5 6.31 1 1.0 148 148 75 1
302 112 1 4.0 1 39.182 2 1.0 148 85 87 0
303 112 1 4.0 4 39.182 1 1.0 159 129 58 0
304 112 -1 2.0 1 6.31 2 1.0 92 85 74 0
305 112 1 2.0 5 25.119 2 1.0 226 148 40 1
306 112 -1 2.0 3 39.182 1 1.0 241 112 49 0
307 112 1 4.0 1 3.981 2 1.0 45 85 69 0
308 112 1 4.0 5 10.0 1 1.0 259 148 76 0
309 112 -1 4.0 4 15.849 1 1.0 93 129 43 0
310 112 1 2.0 4 15.849 1 1.0 185 129 57 1
311 112 1 2.0 2 6.31 2 1.0 303 98 52 0
312 112 1 2.0 3 3.981 1 1.0 83 112 56 0
313 112 1 2.0 2 39.182 2 1.0 89 98 84 1
314 112 -1 2.0 4 25.119 2 1.0 262 129 58 1
315 112 1 2.0 4 39.182 1 1.0 192 129 67 0
316 112 1 2.0 1 3.981 2 1.0 287 85 61 0
317 112 -1 2.0 5 10.0 2 1.0 221 148 89 0
318 112 -1 2.0 5 3.981 2 1.0 149 148 38 0
319 112 1 2.0 4 25.119 1 1.0 181 129 31 1
320 112 -1 4.0 2 25.119 1 1.0 86 98 69 0
321 112 -1 4.0 3 6.31 2 1.0 60 112 52 1
322 112 -1 4.0 4 25.119 1 1.0 228 129 40 0
323 112 -1 2.0 5 10.0 1 1.0 17 148 63 0
324 112 1 4.0 2 3.981 2 1.0 60 98 46 0
325 112 1 2.0 1 25.119 2 1.0 209 85 41 0
326 112 -1 2.0 4 15.849 2 1.0 102 129 53 0
327 112 -1 4.0 2 3.981 2 1.0 23 98 79 0
328 112 1 2.0 2 6.31 1 1.0 50 98 69 0
329 112 1 2.0 2 10.0 1 1.0 24 98 52 1
330 112 -1 2.0 2 6.31 1 1.0 97 98 59 0
331 112 1 4.0 5 15.849 1 1.0 101 148 47 1
332 112 -1 4.0 2 10.0 1 1.0 341 98 50 0
333 112 -1 4.0 4 39.182 1 1.0 221 129 89 1
334 112 -1 4.0 2 3.981 1 1.0 51 98 63 1
335 112 1 4.0 5 39.182 1 1.0 255 148 69 0
336 112 1 2.0 5 10.0 2 1.0 179 148 67 1
337 112 1 2.0 5 39.182 2 1.0 241 148 59 1
338 112 -1 4.0 3 6.31 1 1.0 258 112 82 0
339 112 1 4.0 5 15.849 2 1.0 221 148 70 1
340 112 -1 4.0 1 15.849 2 1.0 69 85 77 0
341 112 1 2.0 3 15.849 2 1.0 310 112 79 0
342 112 -1 2.0 4 10.0 1 1.0 149 129 75 1
343 112 -1 2.0 1 6.31 1 1.0 184 85 79 0
344 112 1 2.0 1 15.849 1 1.0 315 85 31 1
345 112 1 2.0 1 6.31 1 1.0 307 85 72 0
346 112 1 4.0 2 25.119 2 1.0 201 98 46 1
347 112 -1 2.0 1 10.0 1 1.0 177 85 72 0
348 112 -1 2.0 2 15.849 2 1.0 128 98 90 0
349 112 -1 2.0 5 6.31 2 1.0 203 148 68 0
350 112 -1 2.0 5 25.119 2 1.0 163 148 32 0
351 112 -1 4.0 5 6.31 2 1.0 269 148 70 0
352 112 1 4.0 3 39.182 1 1.0 143 112 46 1
353 112 -1 4.0 1 10.0 1 1.0 109 85 83 0
354 112 1 2.0 5 15.849 2 1.0 68 148 42 0
355 112 -1 4.0 1 25.119 2 1.0 333 85 73 0
356 112 1 4.0 2 39.182 2 1.0 270 98 39 0
357 112 1 4.0 2 6.31 1 1.0 352 98 43 0
358 112 -1 4.0 5 10.0 1 1.0 348 148 68 1
359 112 1 4.0 4 39.182 2 1.0 299 129 56 1
360 112 -1 4.0 3 15.849 1 1.0 155 112 48 0
361 112 1 4.0 3 15.849 2 1.0 328 112 64 0
362 112 -1 2.0 3 10.0 1 1.0 75 112 51 0
363 112 1 2.0 1 39.182 1 1.0 202 85 76 0
364 112 -1 4.0 4 39.182 2 1.0 274 129 36 1
365 112 -1 4.0 3 10.0 2 1.0 278 112 39 0
366 112 1 4.0 3 25.119 1 1.0 53 112 65 1
367 112 1 4.0 3 6.31 1 1.0 59 112 78 0
368 112 1 2.0 2 25.119 1 1.0 147 98 63 1
369 112 1 2.0 4 3.981 2 1.0 75 129 68 0
370 112 -1 4.0 1 10.0 2 1.0 67 85 57 0
371 112 1 4.0 3 15.849 1 1.0 278 112 46 0
372 112 -1 4.0 4 3.981 2 1.0 187 129 47 1
373 112 1 4.0 2 10.0 2 1.0 235 98 78 0
374 112 -1 4.0 5 39.182 1 1.0 358 148 55 0
375 112 -1 4.0 1 3.981 2 1.0 346 85 89 0
376 112 -1 2.0 5 6.31 1 1.0 233 148 87 1
377 112 1 4.0 4 10.0 1 1.0 193 129 74 0
378 112 -1 2.0 3 15.849 2 1.0 216 112 46 0
379 112 -1 4.0 2 39.182 2 1.0 66 98 47 0
380 112 1 4.0 4 15.849 2 1.0 274 129 84 0
381 112 -1 2.0 3 39.182 2 1.0 56 112 79 1
382 112 -1 4.0 3 25.119 1 1.0 156 112 78 0
383 112 -1 4.0 4 3.981 1 1.0 30 129 87 0
384 112 -1 2.0 3 25.119 1 1.0 283 112 31 0
385 112 -1 2.0 2 39.182 1 1.0 210 98 88 0
386 112 -1 4.0 2 6.31 2 1.0 350 98 70 0
387 112 1 2.0 4 6.31 1 1.0 255 129 63 0
388 112 -1 2.0 4 39.182 2 1.0 136 129 52 0
389 112 1 4.0 5 3.981 1 1.0 312 148 84 0
390 112 1 2.0 4 15.849 2 1.0 60 129 66 1
391 112 -1 4.0 4 6.31 2 1.0 53 129 80 0
392 112 1 4.0 5 3.981 2 1.0 157 148 75 0
393 112 1 2.0 1 6.31 2 1.0 331 85 49 1
394 112 1 2.0 2 3.981 2 1.0 150 98 42 1
395 112 1 2.0 3 6.31 2 1.0 67 112 36 0
396 112 -1 2.0 2 6.31 2 1.0 157 98 32 0
397 112 1 4.0 1 39.182 1 1.0 142 85 47 0
398 112 1 4.0 3 10.0 1 1.0 191 112 90 1
399 112 -1 2.0 1 25.119 2 1.0 72 85 55 0
400 112 1 4.0 3 25.119 2 1.0 324 112 64 0
401 112 1 4.0 3 3.981 1 1.0 83 112 77 0
402 112 -1 2.0 2 25.119 2 1.0 310 98 88 1
403 112 -1 4.0 3 25.119 2 1.0 336 112 70 0
404 112 1 4.0 1 6.31 1 1.0 231 85 50 0
405 112 1 4.0 2 25.119 1 1.0 126 98 89 0
406 112 -1 2.0 4 39.182 1 1.0 85 129 67 0
407 112 1 4.0 1 10.0 1 1.0 68 85 45 0
408 112 1 4.0 5 39.182 2 1.0 219 148 58 1
409 112 -1 2.0 2 10.0 1 1.0 298 98 75 0
410 112 1 4.0 1 10.0 2 1.0 254 85 70 0
411 112 1 2.0 2 3.981 1 1.0 138 98 74 0
412 112 1 2.0 2 25.119 2 1.0 276 98 35 0
413 112 -1 2.0 1 3.981 1 1.0 79 85 74 0
414 112 1 2.0 4 39.182 2 1.0 174 129 30 1
415 112 1 2.0 5 39.182 1 1.0 46 148 51 1
416 112 1 2.0 2 15.849 1 1.0 163 98 31 1
417 112 1 2.0 2 39.182 1 1.0 220 98 52 1
418 112 1 2.0 1 3.981 1 1.0 307 85 61 0
419 112 -1 2.0 4 6.31 2 1.0 165 129 84 1
420 112 -1 2.0 1 15.849 2 1.0 121 85 53 0
421 112 -1 4.0 1 39.182 2 1.0 324 85 86 0
422 112 1 4.0 5 6.31 2 1.0 7 148 69 1
423 112 1 4.0 3 6.31 2 1.0 176 112 83 0
424 112 -1 2.0 2 25.119 1 1.0 155 98 71 0
425 112 -1 4.0 5 3.981 2 1.0 250 148 73 0
426 112 -1 4.0 3 39.182 1 1.0 227 112 46 0
427 112 1 4.0 4 6.31 2 1.0 159 129 42 0
428 112 1 2.0 3 39.182 2 1.0 317 112 47 0
429 112 1 2.0 3 25.119 2 1.0 260 112 38 0
430 112 1 4.0 3 3.981 2 1.0 248 112 44 1
431 112 1 4.0 4 10.0 2 1.0 111 129 74 1
432 112 -1 4.0 5 10.0 2 1.0 287 148 63 0
433 112 -1 4.0 3 15.849 2 1.0 346 112 84 0
434 112 1 4.0 2 15.849 2 1.0 221 98 58 1
435 112 1 2.0 3 15.849 1 1.0 352 112 32 0
436 112 -1 4.0 2 15.849 2 1.0 281 98 62 0
437 112 1 4.0 1 6.31 2 1.0 17 85 54 0
438 112 1 2.0 1 10.0 2 1.0 243 85 59 0
439 112 -1 2.0 2 3.981 2 1.0 48 98 69 0
440 112 -1 2.0 3 15.849 1 1.0 93 112 74 0
441 112 -1 4.0 1 25.119 1 1.0 244 85 68 0
442 112 1 4.0 4 3.981 1 1.0 41 129 51 1
443 112 1 2.0 3 39.182 1 1.0 132 112 56 1
444 112 -1 4.0 2 25.119 2 1.0 239 98 50 0
445 112 -1 4.0 5 3.981 1 1.0 15 148 59 0
446 112 -1 4.0 3 3.981 1 1.0 292 112 46 0
447 112 -1 4.0 4 6.31 1 1.0 342 129 34 0
448 112 -1 2.0 5 3.981 1 1.0 75 148 45 0
449 112 1 4.0 1 15.849 2 1.0 330 85 56 0
450 112 -1 4.0 4 10.0 1 1.0 13 129 48 0
451 112 1 2.0 5 15.849 1 1.0 203 148 75 0
452 112 -1 2.0 4 15.849 1 1.0 331 129 40 1
453 112 -1 4.0 2 6.31 1 1.0 268 98 86 0
454 112 1 2.0 4 25.119 2 1.0 329 129 78 1
455 112 1 2.0 3 25.119 1 1.0 243 112 90 0
456 112 -1 2.0 2 39.182 2 1.0 262 98 56 0
457 112 -1 4.0 1 39.182 1 1.0 311 85 82 1
458 112 -1 4.0 1 15.849 1 1.0 123 85 56 0
459 112 1 2.0 1 39.182 2 1.0 193 85 42 1
460 112 1 2.0 3 6.31 1 1.0 245 112 68 0
461 112 -1 2.0 1 39.182 1 1.0 346 85 52 0
462 112 -1 4.0 2 15.849 1 1.0 243 98 37 0
463 112 1 2.0 4 3.981 1 1.0 304 129 69 0
464 112 1 4.0 5 25.119 2 1.0 305 148 58 0
465 112 1 4.0 2 39.182 1 1.0 51 98 57 0
466 112 -1 4.0 4 15.849 2 1.0 356 129 75 0
467 112 1 2.0 3 10.0 2 1.0 343 112 52 0
468 112 1 4.0 1 25.119 2 1.0 45 85 32 1
469 112 1 2.0 4 10.0 2 1.0 13 129 62 0
470 112 1 2.0 5 25.119 1 1.0 221 148 35 1
471 112 -1 4.0 1 6.31 1 1.0 49 85 83 0
472 112 -1 4.0 3 3.981 2 1.0 49 112 33 0
473 112 -1 2.0 4 10.0 2 1.0 159 129 39 0
474 112 -1 2.0 2 15.849 1 1.0 330 98 57 1
475 112 1 4.0 4 25.119 2 1.0 217 129 35 1
476 112 -1 2.0 1 39.182 2 1.0 235 85 66 0
477 112 1 4.0 1 25.119 1 1.0 226 85 67 1
478 112 -1 2.0 3 3.981 1 1.0 240 112 66 0
479 112 1 4.0 4 25.119 1 1.0 268 129 64 1
480 112 -1 2.0 4 6.31 1 1.0 258 129 48 0
