trial durationTest direction radius durationComparison speed number size iniAngle1 durComp onset response
1 112 -1 4.0 2 15.849 1 1.0 349 98 73 0
2 112 1 2.0 4 39.182 2 1.0 221 129 75 0
3 112 -1 4.0 1 39.182 1 1.0 157 85 60 0
4 112 -1 4.0 4 25.119 1 1.0 73 129 79 1
5 112 -1 4.0 2 25.119 1 1.0 247 98 53 0
6 112 -1 2.0 1 15.849 2 1.0 266 85 78 0
7 112 1 2.0 3 39.182 1 1.0 187 112 90 1
8 112 1 2.0 1 10.0 2 1.0 296 85 60 0
9 112 1 2.0 4 10.0 1 1.0 233 129 68 1
10 112 1 4.0 1 3.981 1 1.0 317 85 38 0
11 112 -1 2.0 1 10.0 2 1.0 165 85 58 0
12 112 1 2.0 1 6.31 2 1.0 198 85 52 0
13 112 -1 4.0 2 6.31 2 1.0 161 98 60 0
14 112 1 4.0 5 10.0 2 1.0 303 148 61 1
15 112 1 2.0 5 25.119 1 1.0 106 148 58 1
16 112 -1 4.0 1 6.31 2 1.0 334 85 75 0
17 112 -1 4.0 1 10.0 1 1.0 147 85 48 0
18 112 -1 4.0 2 39.182 1 1.0 191 98 40 0
19 112 1 4.0 5 15.849 1 1.0 21 148 81 1
20 112 -1 4.0 5 10.0 2 1.0 11 148 34 1
21 112 1 2.0 1 25.119 1 1.0 115 85 83 1
22 112 -1 2.0 2 3.981 1 1.0 275 98 45 0
23 112 1 4.0 2 10.0 1 1.0 142 98 63 0
24 112 -1 4.0 2 10.0 2 1.0 19 98 80 0
25 112 1 4.0 1 6.31 2 1.0 77 85 41 0
26 112 -1 2.0 4 15.849 2 1.0 284 129 77 0
27 112 -1 4.0 5 10.0 1 1.0 16 148 51 1
28 112 -1 2.0 5 25.119 2 1.0 34 148 61 0
29 112 1 2.0 1 10.0 1 1.0 175 85 51 0
30 112 1 4.0 2 39.182 1 1.0 5 98 72 0
31 112 1 4.0 2 3.981 1 1.0 247 98 57 0
32 112 -1 2.0 2 6.31 2 1.0 257 98 70 0
33 112 -1 4.0 5 3.981 2 1.0 203 148 38 0
34 112 -1 4.0 1 25.119 1 1.0 347 85 81 1
35 112 1 4.0 3 6.31 2 1.0 4 112 54 1
36 112 1 4.0 3 25.119 1 1.0 240 112 89 1
37 112 -1 4.0 1 6.31 1 1.0 311 85 54 0
38 112 1 2.0 2 3.981 1 1.0 65 98 52 1
39 112 1 2.0 2 39.182 1 1.0 238 98 67 0
40 112 1 4.0 5 39.182 1 1.0 291 148 76 1
41 112 -1 2.0 4 39.182 1 1.0 359 129 61 1
42 112 -1 2.0 4 10.0 1 1.0 274 129 58 1
43 112 1 2.0 4 25.119 1 1.0 344 129 43 1
44 112 -1 4.0 1 10.0 2 1.0 346 85 89 0
45 112 -1 4.0 2 10.0 1 1.0 127 98 49 0
46 112 1 2.0 2 3.981 2 1.0 61 98 51 0
47 112 1 4.0 3 3.981 1 1.0 244 112 70 0
48 112 -1 4.0 1 39.182 2 1.0 272 85 68 0
49 112 1 2.0 3 15.849 2 1.0 258 112 77 1
50 112 1 4.0 5 3.981 1 1.0 171 148 34 0
51 112 -1 4.0 1 3.981 2 1.0 331 85 49 0
52 112 -1 2.0 3 39.182 1 1.0 283 112 31 0
53 112 1 2.0 1 25.119 2 1.0 245 85 54 0
54 112 -1 2.0 1 39.182 1 1.0 61 85 53 0
55 112 -1 2.0 3 3.981 1 1.0 86 112 67 0
56 112 -1 4.0 1 15.849 2 1.0 55 85 45 0
57 112 1 2.0 1 15.849 2 1.0 206 85 33 0
58 112 -1 2.0 5 39.182 1 1.0 273 148 58 1
59 112 1 2.0 1 3.981 2 1.0 205 85 80 0
60 112 -1 2.0 5 10.0 2 1.0 160 148 32 1
61 112 -1 4.0 4 6.31 1 1.0 211 129 74 0
62 112 1 2.0 5 10.0 1 1.0 32 148 72 1
63 112 1 4.0 4 6.31 1 1.0 108 129 86 1
64 112 1 4.0 3 15.849 2 1.0 11 112 89 1
65 112 1 4.0 4 25.119 1 1.0 113 129 47 1
66 112 1 4.0 1 3.981 2 1.0 321 85 51 0
67 112 1 4.0 3 10.0 1 1.0 276 112 77 0
68 112 -1 2.0 4 3.981 1 1.0 319 129 33 0
69 112 1 2.0 3 25.119 2 1.0 52 112 85 1
70 112 -1 2.0 2 39.182 1 1.0 232 98 78 0
71 112 1 4.0 4 3.981 1 1.0 153 129 78 0
72 112 -1 2.0 1 25.119 2 1.0 329 85 66 0
73 112 -1 4.0 3 3.981 2 1.0 168 112 62 0
74 112 -1 4.0 3 15.849 1 1.0 88 112 37 0
75 112 -1 2.0 4 6.31 2 1.0 62 129 44 1
76 112 -1 4.0 4 39.182 2 1.0 74 129 66 1
77 112 -1 4.0 4 15.849 2 1.0 234 129 44 1
78 112 -1 2.0 5 3.981 1 1.0 41 148 82 1
79 112 1 4.0 1 10.0 2 1.0 256 85 40 0
80 112 1 2.0 4 10.0 2 1.0 27 129 88 1
81 112 1 2.0 1 6.31 1 1.0 208 85 74 0
82 112 -1 2.0 1 25.119 1 1.0 327 85 90 0
83 112 1 4.0 2 6.31 1 1.0 130 98 30 0
84 112 1 4.0 4 10.0 2 1.0 97 129 72 0
85 112 1 2.0 2 6.31 2 1.0 55 98 67 0
86 112 -1 4.0 5 25.119 1 1.0 75 148 75 1
87 112 1 2.0 4 6.31 1 1.0 0 129 44 0
88 112 1 4.0 1 39.182 1 1.0 173 85 75 0
89 112 -1 2.0 5 25.119 1 1.0 118 148 83 1
90 112 -1 2.0 4 6.31 1 1.0 123 129 64 0
91 112 -1 2.0 4 15.849 1 1.0 339 129 38 1
92 112 1 4.0 5 25.119 1 1.0 137 148 53 1
93 112 -1 4.0 3 25.119 2 1.0 203 112 78 0
94 112 1 2.0 5 25.119 2 1.0 216 148 44 1
95 112 -1 2.0 4 25.119 1 1.0 202 129 88 1
96 112 1 4.0 3 3.981 2 1.0 29 112 85 0
97 112 1 2.0 5 15.849 1 1.0 269 148 48 1
98 112 1 4.0 3 39.182 1 1.0 134 112 41 1
99 112 1 4.0 3 6.31 1 1.0 84 112 44 0
100 112 1 4.0 3 25.119 2 1.0 331 112 51 0
101 112 1 4.0 3 10.0 2 1.0 263 112 80 0
102 112 1 4.0 1 15.849 1 1.0 268 85 58 0
103 112 -1 4.0 3 15.849 2 1.0 314 112 73 1
104 112 1 2.0 3 15.849 1 1.0 105 112 79 1
105 112 1 4.0 4 6.31 2 1.0 125 129 59 0
106 112 1 2.0 2 10.0 1 1.0 257 98 64 1
107 112 -1 4.0 5 6.31 2 1.0 115 148 51 1
108 112 -1 2.0 5 6.31 2 1.0 82 148 39 1
109 112 1 2.0 3 10.0 2 1.0 345 112 68 0
110 112 1 4.0 1 25.119 2 1.0 36 85 48 0
111 112 -1 2.0 1 3.981 1 1.0 302 85 80 0
112 112 -1 4.0 5 15.849 1 1.0 23 148 43 1
113 112 1 2.0 2 10.0 2 1.0 42 98 63 1
114 112 1 2.0 2 25.119 2 1.0 195 98 37 1
115 112 1 4.0 5 39.182 2 1.0 93 148 75 1
116 112 -1 4.0 4 25.119 2 1.0 154 129 38 1
117 112 1 4.0 3 15.849 1 1.0 140 112 61 1
118 112 1 4.0 5 25.119 2 1.0 275 148 59 1
119 112 -1 2.0 5 3.981 2 1.0 150 148 57 1
120 112 1 4.0 4 10.0 1 1.0 216 129 77 0
121 112 1 2.0 3 10.0 1 1.0 338 112 32 0
122 112 -1 4.0 2 25.119 2 1.0 293 98 60 0
123 112 1 2.0 3 3.981 2 1.0 311 112 71 0
124 112 1 2.0 5 10.0 2 1.0 84 148 72 1
125 112 -1 2.0 5 10.0 1 1.0 243 148 77 1
126 112 1 4.0 2 39.182 2 1.0 319 98 63 0
127 112 1 4.0 2 15.849 1 1.0 177 98 66 0
128 112 1 2.0 4 15.849 1 1.0 129 129 65 1
129 112 -1 4.0 5 15.849 2 1.0 240 148 88 0
130 112 -1 2.0 2 10.0 2 1.0 286 98 54 0
131 112 -1 4.0 2 6.31 1 1.0 264 98 46 0
132 112 1 4.0 4 39.182 1 1.0 31 129 84 1
133 112 1 4.0 5 6.31 1 1.0 107 148 51 0
134 112 -1 4.0 4 10.0 1 1.0 204 129 40 1
135 112 -1 2.0 5 15.849 1 1.0 322 148 76 1
136 112 1 4.0 2 25.119 2 1.0 38 98 87 0
137 112 -1 4.0 5 25.119 2 1.0 199 148 35 1
138 112 1 2.0 1 39.182 2 1.0 250 85 73 0
139 112 -1 4.0 5 39.182 2 1.0 88 148 48 1
140 112 -1 2.0 3 6.31 2 1.0 338 112 66 0
141 112 1 2.0 1 3.981 1 1.0 86 85 82 0
142 112 -1 4.0 3 3.981 1 1.0 238 112 67 0
143 112 -1 4.0 3 10.0 2 1.0 324 112 79 1
144 112 -1 4.0 3 39.182 2 1.0 247 112 55 1
145 112 1 2.0 1 15.849 1 1.0 108 85 71 0
146 112 -1 2.0 2 6.31 1 1.0 284 98 31 0
147 112 1 4.0 4 15.849 1 1.0 311 129 63 1
148 112 1 2.0 5 3.981 1 1.0 43 148 49 1
149 112 -1 2.0 3 6.31 1 1.0 235 112 34 0
150 112 -1 4.0 2 3.981 2 1.0 156 98 44 0
151 112 -1 2.0 2 15.849 1 1.0 216 98 52 0
152 112 1 4.0 2 6.31 2 1.0 70 98 56 0
153 112 -1 4.0 3 25.119 1 1.0 20 112 48 0
154 112 -1 4.0 4 3.981 2 1.0 163 129 72 0
155 112 -1 4.0 2 3.981 1 1.0 198 98 71 0
156 112 1 4.0 4 15.849 2 1.0 199 129 62 0
157 112 -1 2.0 1 3.981 2 1.0 191 85 41 0
158 112 -1 2.0 4 39.182 2 1.0 168 129 65 1
159 112 -1 4.0 2 39.182 2 1.0 90 98 34 0
160 112 1 2.0 4 25.119 2 1.0 142 129 46 1
161 112 -1 2.0 3 10.0 2 1.0 113 112 58 0
162 112 -1 4.0 4 6.31 2 1.0 34 129 62 0
163 112 -1 2.0 3 10.0 1 1.0 152 112 33 0
164 112 1 4.0 1 10.0 1 1.0 173 85 59 0
165 112 1 4.0 1 25.119 1 1.0 73 85 88 0
166 112 -1 4.0 1 25.119 2 1.0 123 85 58 0
167 112 -1 4.0 4 15.849 1 1.0 223 129 52 1
168 112 -1 4.0 2 15.849 2 1.0 232 98 48 1
169 112 1 4.0 5 10.0 1 1.0 343 148 72 1
170 112 -1 4.0 3 6.31 2 1.0 70 112 49 0
171 112 -1 4.0 3 39.182 1 1.0 353 112 53 1
172 112 1 2.0 5 3.981 2 1.0 17 148 51 1
173 112 -1 2.0 1 15.849 1 1.0 192 85 38 0
174 112 1 4.0 4 3.981 2 1.0 114 129 65 0
175 112 1 2.0 2 15.849 1 1.0 349 98 67 1
176 112 1 4.0 5 3.981 2 1.0 302 148 45 1
177 112 1 4.0 2 10.0 2 1.0 1 98 51 0
178 112 1 2.0 2 6.31 1 1.0 37 98 79 0
179 112 1 2.0 2 39.182 2 1.0 139 98 44 0
180 112 -1 2.0 2 15.849 2 1.0 81 98 68 1
181 112 1 2.0 5 15.849 2 1.0 44 148 63 1
182 112 1 4.0 3 39.182 2 1.0 307 112 72 1
183 112 -1 2.0 5 39.182 2 1.0 55 148 67 1
184 112 -1 2.0 5 6.31 1 1.0 258 148 45 1
185 112 1 2.0 4 6.31 2 1.0 149 129 36 1
186 112 1 4.0 5 6.31 2 1.0 217 148 40 1
187 112 -1 2.0 3 25.119 1 1.0 333 112 70 1
188 112 1 4.0 4 25.119 2 1.0 174 129 31 1
189 112 -1 2.0 4 25.119 2 1.0 323 129 66 1
190 112 1 2.0 4 15.849 2 1.0 46 129 46 1
191 112 -1 4.0 4 10.0 2 1.0 238 129 72 1
192 112 -1 2.0 1 10.0 1 1.0 161 85 59 1
193 112 -1 2.0 4 3.981 2 1.0 206 129 58 1
194 112 -1 2.0 1 6.31 2 1.0 28 85 71 1
195 112 1 2.0 3 6.31 1 1.0 113 112 73 0
196 112 -1 4.0 3 6.31 1 1.0 91 112 60 0
197 112 1 2.0 2 25.119 1 1.0 209 98 67 0
198 112 -1 4.0 3 10.0 1 1.0 46 112 59 0
199 112 -1 4.0 1 15.849 1 1.0 2 85 41 0
200 112 1 2.0 2 15.849 2 1.0 6 98 58 0
201 112 1 4.0 1 15.849 2 1.0 58 85 68 0
202 112 -1 4.0 5 3.981 1 1.0 144 148 46 1
203 112 1 4.0 5 15.849 2 1.0 16 148 77 1
204 112 1 2.0 5 6.31 2 1.0 109 148 58 1
205 112 1 2.0 3 6.31 2 1.0 201 112 53 1
206 112 1 2.0 5 6.31 1 1.0 159 148 61 1
207 112 -1 2.0 3 39.182 2 1.0 169 112 72 1
208 112 -1 2.0 3 15.849 1 1.0 268 112 48 1
209 112 1 4.0 4 39.182 2 1.0 30 129 56 1
210 112 1 2.0 5 39.182 1 1.0 219 148 44 1
211 112 -1 2.0 2 25.119 1 1.0 162 98 73 1
212 112 -1 4.0 1 3.981 1 1.0 206 85 38 0
213 112 -1 2.0 4 10.0 2 1.0 310 129 36 1
214 112 -1 2.0 1 39.182 2 1.0 56 85 58 0
215 112 -1 2.0 5 15.849 2 1.0 8 148 38 1
216 112 1 4.0 2 25.119 1 1.0 196 98 47 0
217 112 -1 2.0 3 3.981 2 1.0 259 112 42 0
218 112 1 2.0 3 39.182 2 1.0 46 112 52 0
219 112 1 4.0 2 3.981 2 1.0 227 98 77 0
220 112 -1 2.0 2 39.182 2 1.0 171 98 89 0
221 112 -1 2.0 1 6.31 1 1.0 98 85 38 0
222 112 -1 4.0 4 3.981 1 1.0 101 129 61 0
223 112 -1 2.0 2 10.0 1 1.0 295 98 43 0
224 112 -1 4.0 5 39.182 1 1.0 42 148 41 1
225 112 1 2.0 1 39.182 1 1.0 105 85 54 0
226 112 1 4.0 1 39.182 2 1.0 119 85 66 0
227 112 1 2.0 3 3.981 1 1.0 87 112 34 0
228 112 1 2.0 4 3.981 1 1.0 82 129 59 1
229 112 1 2.0 5 39.182 2 1.0 211 148 47 1
230 112 -1 4.0 4 39.182 1 1.0 214 129 63 1
231 112 1 4.0 1 6.31 1 1.0 106 85 59 0
232 112 1 2.0 4 39.182 1 1.0 246 129 38 1
233 112 -1 2.0 3 15.849 2 1.0 226 112 40 0
234 112 1 2.0 3 25.119 1 1.0 143 112 49 1
235 112 1 4.0 2 15.849 2 1.0 209 98 52 0
236 112 -1 2.0 3 25.119 2 1.0 98 112 45 1
237 112 -1 2.0 2 25.119 2 1.0 67 98 34 0
238 112 -1 2.0 2 3.981 2 1.0 257 98 45 0
239 112 1 2.0 4 3.981 2 1.0 60 129 59 0
240 112 -1 4.0 5 6.31 1 1.0 91 148 79 1
241 112 1 2.0 1 6.31 2 1.0 228 85 80 0
242 112 -1 2.0 3 15.849 2 1.0 300 112 67 0
243 112 -1 4.0 1 3.981 2 1.0 217 85 71 0
244 112 1 2.0 4 10.0 1 1.0 177 129 52 1
245 112 1 2.0 4 15.849 2 1.0 94 129 72 1
246 112 -1 4.0 5 39.182 1 1.0 273 148 84 1
247 112 -1 2.0 3 3.981 1 1.0 352 112 89 0
248 112 1 2.0 4 25.119 1 1.0 182 129 69 1
249 112 -1 2.0 4 6.31 2 1.0 296 129 56 1
250 112 1 2.0 4 3.981 2 1.0 310 129 52 1
251 112 1 2.0 3 25.119 1 1.0 211 112 88 1
252 112 -1 2.0 1 3.981 2 1.0 133 85 52 0
253 112 -1 4.0 5 3.981 1 1.0 81 148 74 1
254 112 -1 4.0 3 25.119 1 1.0 123 112 89 1
255 112 -1 4.0 2 3.981 2 1.0 242 98 30 1
256 112 -1 2.0 5 6.31 2 1.0 359 148 77 1
257 112 1 2.0 5 15.849 2 1.0 130 148 66 1
258 112 -1 4.0 5 10.0 2 1.0 249 148 65 1
259 112 -1 2.0 5 25.119 1 1.0 28 148 72 1
260 112 1 2.0 5 6.31 1 1.0 174 148 56 1
261 112 -1 4.0 3 39.182 2 1.0 10 112 71 1
262 112 1 4.0 4 15.849 2 1.0 359 129 36 1
263 112 1 2.0 3 15.849 2 1.0 122 112 66 1
264 112 -1 2.0 3 3.981 2 1.0 335 112 45 0
265 112 1 4.0 2 15.849 1 1.0 193 98 80 0
266 112 1 4.0 1 3.981 2 1.0 337 85 47 0
267 112 -1 2.0 5 6.31 1 1.0 164 148 77 1
268 112 -1 4.0 1 10.0 2 1.0 277 85 53 0
269 112 1 2.0 1 15.849 1 1.0 142 85 36 0
270 112 -1 2.0 2 25.119 2 1.0 318 98 86 1
271 112 -1 4.0 5 15.849 2 1.0 228 148 64 1
272 112 -1 4.0 4 10.0 2 1.0 44 129 82 0
273 112 1 2.0 1 3.981 1 1.0 234 85 32 0
274 112 1 4.0 5 6.31 2 1.0 62 148 65 1
275 112 1 2.0 5 39.182 1 1.0 152 148 62 1
276 112 1 4.0 2 10.0 1 1.0 193 98 57 0
277 112 1 2.0 2 25.119 1 1.0 141 98 73 1
278 112 1 2.0 5 25.119 2 1.0 301 148 87 0
279 112 -1 4.0 3 15.849 2 1.0 256 112 68 1
280 112 -1 2.0 2 10.0 2 1.0 121 98 81 0
281 112 -1 2.0 5 10.0 2 1.0 127 148 41 1
282 112 1 2.0 1 3.981 2 1.0 126 85 84 0
283 112 -1 2.0 4 6.31 1 1.0 210 129 38 0
284 112 -1 2.0 4 25.119 1 1.0 168 129 89 1
285 112 1 4.0 3 25.119 2 1.0 90 112 43 0
286 112 1 4.0 5 15.849 1 1.0 145 148 68 1
287 112 1 4.0 4 10.0 1 1.0 73 129 31 0
288 112 1 4.0 4 10.0 2 1.0 213 129 54 1
289 112 -1 4.0 3 6.31 2 1.0 25 112 67 0
290 112 -1 2.0 4 10.0 2 1.0 24 129 81 1
291 112 1 4.0 3 10.0 2 1.0 28 112 73 0
292 112 -1 4.0 4 6.31 2 1.0 25 129 41 0
293 112 1 4.0 5 6.31 1 1.0 348 148 47 0
294 112 1 2.0 3 39.182 1 1.0 20 112 70 1
295 112 -1 2.0 1 3.981 1 1.0 27 85 39 0
296 112 1 2.0 2 6.31 2 1.0 351 98 30 0
297 112 1 2.0 5 3.981 2 1.0 297 148 59 0
298 112 -1 4.0 5 15.849 1 1.0 186 148 32 1
299 112 1 4.0 5 39.182 2 1.0 16 148 76 1
300 112 1 2.0 2 3.981 2 1.0 189 98 46 0
301 112 1 4.0 2 6.31 1 1.0 159 98 42 0
302 112 -1 2.0 4 3.981 1 1.0 106 129 72 0
303 112 1 2.0 3 3.981 2 1.0 227 112 40 0
304 112 -1 2.0 5 10.0 1 1.0 76 148 44 0
305 112 1 2.0 4 39.182 1 1.0 50 129 67 1
306 112 -1 2.0 3 25.119 1 1.0 278 112 74 1
307 112 -1 4.0 1 3.981 1 1.0 212 85 82 0
308 112 1 4.0 1 15.849 1 1.0 176 85 83 0
309 112 -1 2.0 1 15.849 1 1.0 170 85 63 0
310 112 1 4.0 4 39.182 1 1.0 121 129 44 1
311 112 1 4.0 3 3.981 1 1.0 64 112 68 0
312 112 -1 2.0 1 39.182 2 1.0 152 85 67 0
313 112 -1 2.0 4 25.119 2 1.0 11 129 68 1
314 112 1 4.0 1 15.849 2 1.0 62 85 71 0
315 112 1 4.0 5 15.849 2 1.0 346 148 48 1
316 112 -1 2.0 4 15.849 2 1.0 34 129 55 1
317 112 1 2.0 1 10.0 2 1.0 269 85 89 0
318 112 -1 2.0 3 10.0 1 1.0 272 112 54 0
319 112 -1 2.0 1 25.119 1 1.0 108 85 45 0
320 112 1 4.0 2 15.849 2 1.0 230 98 90 0
321 112 -1 2.0 2 25.119 1 1.0 217 98 68 1
322 112 1 4.0 2 39.182 1 1.0 208 98 89 1
323 112 1 2.0 5 6.31 2 1.0 5 148 68 1
324 112 1 4.0 3 3.981 2 1.0 17 112 39 0
325 112 -1 4.0 4 15.849 2 1.0 280 129 37 1
326 112 1 2.0 4 3.981 1 1.0 88 129 37 1
327 112 1 2.0 2 6.31 1 1.0 32 98 75 0
328 112 -1 4.0 2 15.849 1 1.0 107 98 76 0
329 112 -1 4.0 5 3.981 2 1.0 183 148 39 1
330 112 -1 2.0 3 6.31 1 1.0 287 112 47 0
331 112 -1 4.0 2 6.31 2 1.0 149 98 41 0
332 112 -1 4.0 3 15.849 1 1.0 294 112 33 0
333 112 1 2.0 3 6.31 1 1.0 128 112 40 1
334 112 -1 2.0 2 15.849 2 1.0 140 98 49 0
335 112 1 2.0 4 25.119 2 1.0 58 129 50 1
336 112 -1 2.0 1 10.0 2 1.0 206 85 32 0
337 112 -1 4.0 3 25.119 2 1.0 266 112 49 1
338 112 1 4.0 3 39.182 2 1.0 47 112 66 1
339 112 1 4.0 4 6.31 1 1.0 83 129 64 0
340 112 1 4.0 5 39.182 1 1.0 269 148 81 0
341 112 -1 4.0 2 25.119 1 1.0 24 98 70 0
342 112 1 2.0 3 6.31 2 1.0 223 112 30 0
343 112 1 2.0 5 3.981 1 1.0 140 148 31 0
344 112 1 2.0 4 15.849 1 1.0 104 129 88 1
345 112 1 2.0 1 39.182 1 1.0 250 85 77 0
346 112 1 2.0 1 15.849 2 1.0 302 85 57 0
347 112 -1 2.0 4 15.849 1 1.0 36 129 49 0
348 112 -1 4.0 1 10.0 1 1.0 135 85 34 1
349 112 1 2.0 2 10.0 2 1.0 343 98 30 0
350 112 1 2.0 1 6.31 1 1.0 125 85 81 0
351 112 -1 2.0 4 10.0 1 1.0 109 129 79 0
352 112 1 4.0 4 15.849 1 1.0 353 129 59 0
353 112 -1 4.0 1 39.182 1 1.0 352 85 70 0
354 112 1 4.0 1 39.182 2 1.0 185 85 63 0
355 112 -1 4.0 4 39.182 1 1.0 281 129 42 1
356 112 -1 4.0 1 15.849 2 1.0 206 85 75 0
357 112 1 4.0 1 39.182 1 1.0 86 85 87 0
358 112 1 2.0 3 10.0 1 1.0 212 112 64 0
359 112 1 4.0 1 6.31 2 1.0 35 85 72 0
360 112 -1 4.0 5 39.182 2 1.0 24 148 86 1
361 112 1 4.0 1 10.0 1 1.0 282 85 35 0
362 112 -1 2.0 1 15.849 2 1.0 266 85 61 0
363 112 1 2.0 1 39.182 2 1.0 215 85 35 0
364 112 -1 2.0 2 15.849 1 1.0 33 98 46 1
365 112 -1 4.0 5 25.119 1 1.0 148 148 38 1
366 112 1 4.0 5 3.981 1 1.0 300 148 65 0
367 112 -1 2.0 3 15.849 1 1.0 173 112 63 0
368 112 -1 4.0 1 6.31 1 1.0 115 85 83 0
369 112 -1 2.0 5 15.849 2 1.0 18 148 67 1
370 112 -1 2.0 5 3.981 2 1.0 345 148 76 1
371 112 -1 2.0 1 6.31 1 1.0 63 85 83 0
372 112 1 2.0 2 15.849 2 1.0 294 98 84 0
373 112 -1 4.0 3 6.31 1 1.0 136 112 34 0
374 112 -1 4.0 5 10.0 1 1.0 142 148 62 1
375 112 1 4.0 1 6.31 1 1.0 93 85 56 0
376 112 1 2.0 1 10.0 1 1.0 278 85 51 0
377 112 -1 4.0 4 25.119 1 1.0 267 129 31 1
378 112 1 4.0 3 6.31 2 1.0 219 112 83 0
379 112 1 2.0 5 25.119 1 1.0 308 148 42 1
380 112 -1 2.0 4 3.981 2 1.0 21 129 49 1
381 112 1 2.0 4 39.182 2 1.0 26 129 60 1
382 112 1 2.0 2 39.182 1 1.0 338 98 46 1
383 112 1 4.0 5 25.119 1 1.0 89 148 72 1
384 112 1 2.0 2 39.182 2 1.0 56 98 56 1
385 112 -1 4.0 1 25.119 1 1.0 201 85 36 0
386 112 -1 4.0 1 25.119 2 1.0 13 85 31 0
387 112 1 4.0 5 10.0 1 1.0 87 148 44 1
388 112 -1 2.0 3 39.182 2 1.0 72 112 52 1
389 112 -1 2.0 3 39.182 1 1.0 320 112 61 0
390 112 1 4.0 4 3.981 1 1.0 152 129 56 0
391 112 -1 2.0 5 25.119 2 1.0 207 148 78 1
392 112 -1 4.0 5 6.31 1 1.0 54 148 44 1
393 112 -1 2.0 5 3.981 1 1.0 317 148 85 1
394 112 1 2.0 5 39.182 2 1.0 26 148 58 1
395 112 -1 4.0 2 15.849 2 1.0 184 98 46 1
396 112 1 4.0 3 25.119 1 1.0 17 112 58 0
397 112 -1 2.0 3 6.31 2 1.0 128 112 60 1
398 112 -1 2.0 2 39.182 1 1.0 93 98 40 1
399 112 -1 2.0 2 3.981 2 1.0 312 98 89 0
400 112 -1 4.0 2 39.182 2 1.0 246 98 33 0
401 112 1 4.0 1 25.119 1 1.0 314 85 32 0
402 112 -1 2.0 1 10.0 1 1.0 48 85 69 0
403 112 -1 4.0 2 10.0 2 1.0 145 98 36 0
404 112 1 4.0 2 25.119 2 1.0 124 98 81 0
405 112 -1 2.0 2 39.182 2 1.0 72 98 79 1
406 112 -1 4.0 2 10.0 1 1.0 16 98 78 0
407 112 -1 2.0 2 6.31 1 1.0 2 98 40 1
408 112 -1 4.0 1 39.182 2 1.0 43 85 86 0
409 112 -1 4.0 2 25.119 2 1.0 335 98 35 0
410 112 1 4.0 5 10.0 2 1.0 117 148 44 1
411 112 -1 4.0 4 15.849 1 1.0 310 129 35 1
412 112 1 4.0 3 39.182 1 1.0 270 112 72 1
413 112 1 4.0 2 25.119 1 1.0 282 98 70 1
414 112 -1 2.0 5 39.182 2 1.0 70 148 34 1
415 112 1 4.0 1 25.119 2 1.0 232 85 67 1
416 112 1 4.0 3 15.849 2 1.0 170 112 49 1
417 112 1 4.0 4 39.182 2 1.0 348 129 89 1
418 112 1 2.0 2 10.0 1 1.0 300 98 86 1
419 112 1 2.0 4 10.0 2 1.0 276 129 61 1
420 112 -1 2.0 2 3.981 1 1.0 90 98 46 0
421 112 1 4.0 5 3.981 2 1.0 47 148 87 0
422 112 -1 4.0 3 10.0 1 1.0 130 112 58 0
423 112 -1 4.0 2 6.31 1 1.0 114 98 71 1
424 112 1 2.0 3 25.119 2 1.0 125 112 35 0
425 112 1 2.0 2 15.849 1 1.0 91 98 42 0
426 112 -1 4.0 1 15.849 1 1.0 81 85 72 0
427 112 -1 4.0 4 3.981 1 1.0 81 129 83 0
428 112 1 4.0 3 15.849 1 1.0 272 112 54 0
429 112 -1 2.0 5 39.182 1 1.0 339 148 78 1
430 112 1 4.0 2 6.31 2 1.0 341 98 44 0
431 112 -1 4.0 2 3.981 1 1.0 90 98 37 0
432 112 1 4.0 3 10.0 1 1.0 102 112 58 0
433 112 1 2.0 4 6.31 1 1.0 318 129 80 1
434 112 1 4.0 5 25.119 2 1.0 96 148 44 1
435 112 -1 4.0 4 3.981 2 1.0 143 129 36 0
436 112 -1 4.0 4 39.182 2 1.0 155 129 46 0
437 112 1 4.0 2 3.981 1 1.0 56 98 45 0
438 112 -1 4.0 2 39.182 1 1.0 100 98 89 1
439 112 1 4.0 4 3.981 2 1.0 144 129 54 0
440 112 1 2.0 2 25.119 2 1.0 262 98 49 0
441 112 -1 4.0 3 10.0 2 1.0 63 112 75 0
442 112 -1 4.0 5 25.119 2 1.0 184 148 37 1
443 112 1 4.0 2 10.0 2 1.0 329 98 55 0
444 112 -1 2.0 2 6.31 2 1.0 65 98 69 0
445 112 1 4.0 2 3.981 2 1.0 254 98 33 0
446 112 1 4.0 4 25.119 1 1.0 234 129 81 1
447 112 -1 2.0 4 39.182 2 1.0 108 129 88 0
448 112 -1 4.0 3 39.182 1 1.0 265 112 36 1
449 112 1 4.0 2 39.182 2 1.0 66 98 39 0
450 112 -1 2.0 5 15.849 1 1.0 46 148 66 1
451 112 -1 2.0 2 10.0 1 1.0 48 98 52 0
452 112 -1 4.0 5 6.31 2 1.0 250 148 63 1
453 112 1 4.0 3 6.31 1 1.0 271 112 75 1
454 112 -1 2.0 1 25.119 2 1.0 221 85 71 0
455 112 1 2.0 1 25.119 1 1.0 277 85 61 0
456 112 -1 4.0 3 3.981 2 1.0 72 112 40 0
457 112 1 4.0 4 25.119 2 1.0 86 129 88 1
458 112 1 4.0 1 3.981 1 1.0 277 85 66 0
459 112 -1 2.0 4 39.182 1 1.0 112 129 51 1
460 112 1 2.0 5 10.0 2 1.0 178 148 74 1
461 112 -1 2.0 3 10.0 2 1.0 147 112 38 1
462 112 -1 2.0 1 39.182 1 1.0 333 85 42 0
463 112 -1 4.0 3 3.981 1 1.0 148 112 59 1
464 112 1 2.0 1 25.119 2 1.0 137 85 67 0
465 112 1 2.0 4 6.31 2 1.0 284 129 44 0
466 112 1 2.0 2 3.981 1 1.0 56 98 45 0
467 112 1 2.0 3 10.0 2 1.0 309 112 52 0
468 112 1 2.0 3 3.981 1 1.0 53 112 41 0
469 112 1 4.0 1 10.0 2 1.0 15 85 45 0
470 112 1 2.0 5 15.849 1 1.0 120 148 80 1
471 112 1 2.0 3 39.182 2 1.0 268 112 38 1
472 112 -1 2.0 3 25.119 2 1.0 41 112 31 1
473 112 1 4.0 4 6.31 2 1.0 313 129 82 0
474 112 -1 4.0 4 6.31 1 1.0 78 129 33 0
475 112 -1 4.0 4 10.0 1 1.0 64 129 42 1
476 112 -1 4.0 1 6.31 2 1.0 160 85 80 0
477 112 -1 4.0 4 25.119 2 1.0 194 129 53 1
478 112 1 2.0 3 15.849 1 1.0 187 112 32 1
479 112 -1 2.0 1 6.31 2 1.0 130 85 79 0
480 112 1 2.0 5 10.0 1 1.0 12 148 66 1
