trial durationTest direction radius durationComparison speed number size iniAngle1 durComp onset response
1 56 -1 4.0 5 15.849 1 1.0 297 74 55 1
2 56 -1 2.0 4 3.981 2 1.0 343 65 34 1
3 56 1 2.0 5 25.119 1 1.0 345 74 34 1
4 56 1 2.0 5 6.31 1 1.0 142 74 67 1
5 56 -1 4.0 3 25.119 1 1.0 218 56 79 1
6 56 -1 2.0 2 39.182 1 1.0 189 49 41 0
7 56 -1 4.0 4 3.981 1 1.0 86 65 52 0
8 56 1 2.0 5 39.182 2 1.0 1 74 32 1
9 56 1 4.0 2 10.0 2 1.0 311 49 47 0
10 56 -1 4.0 4 3.981 2 1.0 201 65 31 1
11 56 1 2.0 4 10.0 1 1.0 253 65 30 1
12 56 1 2.0 4 39.182 2 1.0 44 65 90 1
13 56 -1 2.0 1 3.981 1 1.0 145 43 58 0
14 56 1 4.0 4 10.0 1 1.0 322 65 45 1
15 56 -1 4.0 5 10.0 1 1.0 321 74 76 1
16 56 -1 4.0 1 3.981 1 1.0 131 43 76 0
17 56 1 4.0 5 15.849 1 1.0 12 74 64 1
18 56 -1 4.0 4 10.0 1 1.0 125 65 72 1
19 56 1 2.0 1 25.119 1 1.0 320 43 55 0
20 56 1 2.0 4 3.981 1 1.0 189 65 78 0
21 56 -1 4.0 3 6.31 2 1.0 103 56 70 1
22 56 -1 4.0 4 6.31 2 1.0 298 65 37 0
23 56 -1 2.0 5 3.981 2 1.0 307 74 66 1
24 56 1 2.0 1 6.31 1 1.0 189 43 53 0
25 56 -1 4.0 3 10.0 1 1.0 127 56 39 0
26 56 -1 2.0 2 6.31 1 1.0 45 49 34 0
27 56 1 2.0 2 15.849 2 1.0 292 49 68 0
28 56 -1 2.0 2 15.849 2 1.0 55 49 46 0
29 56 -1 2.0 1 15.849 1 1.0 317 43 59 0
30 56 1 2.0 3 10.0 1 1.0 336 56 40 0
31 56 -1 4.0 2 10.0 1 1.0 161 49 56 0
32 56 1 4.0 1 15.849 1 1.0 147 43 58 0
33 56 -1 2.0 3 3.981 2 1.0 77 56 34 1
34 56 1 2.0 1 3.981 2 1.0 5 43 86 0
35 56 -1 2.0 4 39.182 2 1.0 292 65 87 1
36 56 1 2.0 1 15.849 2 1.0 327 43 54 0
37 56 -1 4.0 2 6.31 2 1.0 318 49 49 0
38 56 1 2.0 4 6.31 2 1.0 2 65 46 1
39 56 1 2.0 4 25.119 1 1.0 335 65 62 1
40 56 -1 4.0 3 3.981 1 1.0 182 56 45 0
41 56 -1 4.0 2 15.849 1 1.0 222 49 87 0
42 56 -1 4.0 3 10.0 2 1.0 306 56 54 1
43 56 -1 2.0 3 15.849 1 1.0 192 56 72 0
44 56 1 2.0 2 3.981 1 1.0 103 49 82 0
45 56 1 4.0 2 15.849 2 1.0 211 49 87 1
46 56 -1 4.0 2 39.182 1 1.0 142 49 58 0
47 56 -1 2.0 2 6.31 2 1.0 188 49 48 1
48 56 1 4.0 4 15.849 1 1.0 301 65 56 0
49 56 -1 4.0 2 25.119 1 1.0 105 49 53 0
50 56 -1 4.0 1 25.119 1 1.0 274 43 81 0
51 56 -1 2.0 1 10.0 2 1.0 45 43 81 1
52 56 1 4.0 2 39.182 2 1.0 118 49 68 0
53 56 -1 2.0 2 39.182 2 1.0 93 49 72 0
54 56 -1 2.0 5 10.0 2 1.0 140 74 57 1
55 56 1 4.0 2 25.119 1 1.0 258 49 36 0
56 56 -1 4.0 3 15.849 2 1.0 43 56 34 1
57 56 -1 2.0 2 10.0 2 1.0 290 49 52 1
58 56 -1 4.0 2 39.182 2 1.0 127 49 55 0
59 56 1 2.0 3 15.849 1 1.0 319 56 86 1
60 56 1 2.0 2 10.0 2 1.0 260 49 84 0
61 56 1 4.0 1 39.182 1 1.0 71 43 44 0
62 56 1 2.0 3 10.0 2 1.0 14 56 67 1
63 56 1 4.0 5 39.182 2 1.0 68 74 62 1
64 56 1 2.0 4 15.849 1 1.0 10 65 66 1
65 56 1 2.0 1 25.119 2 1.0 28 43 79 1
66 56 1 2.0 5 10.0 1 1.0 19 74 75 1
67 56 1 4.0 1 6.31 2 1.0 119 43 69 0
68 56 -1 4.0 5 6.31 1 1.0 84 74 81 1
69 56 -1 4.0 5 10.0 2 1.0 175 74 41 1
70 56 1 2.0 5 39.182 1 1.0 36 74 51 1
71 56 -1 2.0 1 6.31 1 1.0 272 43 44 0
72 56 -1 4.0 4 25.119 1 1.0 353 65 70 1
73 56 -1 4.0 1 3.981 2 1.0 111 43 83 0
74 56 -1 4.0 1 6.31 2 1.0 213 43 61 0
75 56 -1 2.0 4 25.119 1 1.0 76 65 32 1
76 56 -1 2.0 5 10.0 1 1.0 249 74 53 1
77 56 -1 2.0 5 15.849 1 1.0 263 74 35 1
78 56 -1 2.0 2 3.981 2 1.0 114 49 51 0
79 56 -1 4.0 3 15.849 1 1.0 290 56 68 1
80 56 1 2.0 5 3.981 2 1.0 247 74 66 1
81 56 1 2.0 3 39.182 1 1.0 313 56 53 1
82 56 1 2.0 3 15.849 2 1.0 147 56 90 1
83 56 1 2.0 3 25.119 2 1.0 201 56 44 1
84 56 -1 4.0 2 15.849 2 1.0 130 49 85 0
85 56 1 4.0 5 3.981 2 1.0 111 74 58 1
86 56 1 4.0 1 15.849 2 1.0 282 43 54 0
87 56 -1 2.0 1 3.981 2 1.0 244 43 68 0
88 56 -1 4.0 3 39.182 1 1.0 185 56 66 1
89 56 1 4.0 4 3.981 1 1.0 153 65 77 0
90 56 -1 4.0 2 3.981 2 1.0 53 49 30 0
91 56 -1 2.0 4 3.981 1 1.0 253 65 61 1
92 56 1 2.0 5 10.0 2 1.0 27 74 66 1
93 56 1 4.0 5 6.31 2 1.0 41 74 30 1
94 56 -1 4.0 5 3.981 1 1.0 358 74 67 1
95 56 -1 2.0 1 6.31 2 1.0 233 43 70 0
96 56 1 4.0 2 3.981 1 1.0 219 49 69 0
97 56 1 4.0 3 3.981 2 1.0 302 56 42 1
98 56 1 2.0 3 25.119 1 1.0 103 56 33 1
99 56 -1 2.0 5 15.849 2 1.0 284 74 32 1
100 56 -1 2.0 4 10.0 1 1.0 2 65 70 1
101 56 -1 4.0 4 39.182 1 1.0 78 65 85 1
102 56 -1 2.0 5 3.981 1 1.0 248 74 40 1
103 56 1 4.0 3 3.981 1 1.0 220 56 43 0
104 56 1 4.0 3 10.0 2 1.0 292 56 44 0
105 56 1 2.0 3 3.981 1 1.0 5 56 49 0
106 56 1 4.0 1 3.981 2 1.0 108 43 71 0
107 56 1 2.0 5 6.31 2 1.0 336 74 88 1
108 56 -1 2.0 2 10.0 1 1.0 313 49 34 0
109 56 1 4.0 2 6.31 2 1.0 16 49 68 0
110 56 -1 4.0 3 39.182 2 1.0 221 56 83 1
111 56 1 2.0 2 6.31 2 1.0 211 49 70 0
112 56 1 2.0 5 15.849 1 1.0 21 74 46 1
113 56 1 2.0 1 6.31 2 1.0 34 43 56 0
114 56 -1 2.0 2 15.849 1 1.0 263 49 41 1
115 56 1 4.0 1 10.0 2 1.0 178 43 31 0
116 56 -1 2.0 5 39.182 2 1.0 281 74 88 1
117 56 1 4.0 4 25.119 1 1.0 210 65 62 1
118 56 -1 2.0 1 25.119 2 1.0 210 43 30 0
119 56 1 4.0 2 3.981 2 1.0 155 49 59 0
120 56 -1 2.0 2 3.981 1 1.0 276 49 83 0
121 56 1 2.0 1 10.0 1 1.0 209 43 31 0
122 56 -1 4.0 1 15.849 1 1.0 290 43 78 0
123 56 1 4.0 4 39.182 1 1.0 91 65 52 1
124 56 -1 2.0 3 39.182 2 1.0 265 56 35 1
125 56 -1 4.0 5 25.119 2 1.0 166 74 70 1
126 56 1 4.0 4 15.849 2 1.0 120 65 79 0
127 56 -1 4.0 1 6.31 1 1.0 333 43 81 0
128 56 -1 2.0 3 25.119 2 1.0 158 56 79 1
129 56 -1 2.0 3 3.981 1 1.0 326 56 55 0
130 56 1 4.0 5 25.119 1 1.0 67 74 46 1
131 56 -1 2.0 4 15.849 1 1.0 213 65 81 1
132 56 -1 2.0 5 6.31 1 1.0 140 74 70 1
133 56 -1 2.0 4 15.849 2 1.0 333 65 75 1
134 56 1 2.0 1 10.0 2 1.0 308 43 42 1
135 56 -1 4.0 4 6.31 1 1.0 322 65 30 1
136 56 1 2.0 5 15.849 2 1.0 301 74 66 1
137 56 1 4.0 4 25.119 2 1.0 314 65 39 1
138 56 1 4.0 3 15.849 1 1.0 65 56 63 0
139 56 -1 4.0 2 25.119 2 1.0 324 49 84 0
140 56 1 4.0 1 39.182 2 1.0 291 43 43 0
141 56 1 4.0 4 6.31 2 1.0 209 65 58 0
142 56 -1 4.0 5 15.849 2 1.0 116 74 87 1
143 56 -1 2.0 4 6.31 2 1.0 289 65 69 1
144 56 1 4.0 5 39.182 1 1.0 356 74 73 1
145 56 1 2.0 4 10.0 2 1.0 288 65 31 0
146 56 -1 2.0 3 6.31 1 1.0 251 56 75 1
147 56 -1 2.0 4 6.31 1 1.0 142 65 30 1
148 56 1 2.0 4 6.31 1 1.0 56 65 58 1
149 56 1 2.0 2 39.182 1 1.0 143 49 48 0
150 56 -1 4.0 5 3.981 2 1.0 309 74 47 1
151 56 -1 4.0 1 25.119 2 1.0 149 43 81 0
152 56 -1 2.0 1 39.182 1 1.0 190 43 78 0
153 56 1 2.0 3 39.182 2 1.0 43 56 88 0
154 56 -1 4.0 2 3.981 1 1.0 121 49 50 0
155 56 -1 4.0 3 6.31 1 1.0 319 56 65 1
156 56 1 2.0 2 6.31 1 1.0 156 49 46 0
157 56 1 4.0 1 25.119 2 1.0 323 43 71 0
158 56 1 2.0 3 3.981 2 1.0 98 56 71 0
159 56 1 4.0 3 15.849 2 1.0 215 56 32 1
160 56 1 2.0 4 25.119 2 1.0 64 65 70 1
161 56 -1 4.0 5 6.31 2 1.0 250 74 87 1
162 56 1 4.0 3 10.0 1 1.0 270 56 64 0
163 56 1 4.0 3 39.182 1 1.0 249 56 79 1
164 56 1 2.0 3 6.31 1 1.0 51 56 84 0
165 56 1 4.0 4 3.981 2 1.0 182 65 88 1
166 56 -1 2.0 3 25.119 1 1.0 24 56 30 0
167 56 1 2.0 2 3.981 2 1.0 102 49 59 0
168 56 1 4.0 3 39.182 2 1.0 40 56 82 1
169 56 1 4.0 3 6.31 1 1.0 122 56 31 0
170 56 1 4.0 5 10.0 2 1.0 283 74 41 1
171 56 1 4.0 5 3.981 1 1.0 262 74 37 1
172 56 1 2.0 4 15.849 2 1.0 291 65 63 1
173 56 -1 2.0 1 25.119 1 1.0 145 43 54 1
174 56 -1 4.0 4 15.849 1 1.0 180 65 44 1
175 56 1 2.0 1 39.182 2 1.0 229 43 81 0
176 56 1 2.0 1 3.981 1 1.0 331 43 42 1
177 56 -1 4.0 1 39.182 1 1.0 110 43 85 0
178 56 1 2.0 2 10.0 1 1.0 357 49 59 0
179 56 -1 2.0 5 25.119 1 1.0 140 74 76 1
180 56 -1 4.0 3 3.981 2 1.0 148 56 63 0
181 56 1 2.0 5 3.981 1 1.0 229 74 37 1
182 56 -1 2.0 3 39.182 1 1.0 19 56 85 1
183 56 1 2.0 3 6.31 2 1.0 91 56 40 0
184 56 1 2.0 4 39.182 1 1.0 319 65 81 1
185 56 1 2.0 4 3.981 2 1.0 266 65 83 1
186 56 -1 4.0 2 6.31 1 1.0 182 49 42 0
187 56 -1 2.0 4 25.119 2 1.0 34 65 64 1
188 56 1 4.0 1 3.981 1 1.0 176 43 71 0
189 56 -1 4.0 1 10.0 2 1.0 353 43 85 1
190 56 -1 2.0 5 39.182 1 1.0 354 74 54 1
191 56 1 4.0 2 10.0 1 1.0 177 49 53 0
192 56 1 2.0 2 25.119 2 1.0 172 49 86 1
193 56 1 4.0 5 6.31 1 1.0 270 74 69 1
194 56 -1 4.0 1 10.0 1 1.0 150 43 83 0
195 56 1 4.0 3 25.119 2 1.0 37 56 56 1
196 56 -1 4.0 2 10.0 2 1.0 358 49 42 0
197 56 -1 2.0 4 10.0 2 1.0 301 65 52 1
198 56 1 4.0 2 39.182 1 1.0 40 49 71 0
199 56 1 4.0 4 39.182 2 1.0 69 65 64 1
200 56 -1 4.0 5 25.119 1 1.0 291 74 42 1
201 56 -1 2.0 5 25.119 2 1.0 110 74 73 1
202 56 1 2.0 1 39.182 1 1.0 346 43 48 0
203 56 -1 2.0 2 25.119 1 1.0 241 49 66 1
204 56 -1 4.0 5 39.182 1 1.0 162 74 39 1
205 56 -1 4.0 4 25.119 2 1.0 67 65 62 1
206 56 -1 2.0 3 15.849 2 1.0 141 56 88 1
207 56 1 2.0 5 25.119 2 1.0 62 74 34 1
208 56 1 4.0 2 15.849 1 1.0 104 49 69 0
209 56 1 4.0 5 15.849 2 1.0 263 74 78 1
210 56 -1 2.0 1 10.0 1 1.0 138 43 58 0
211 56 -1 2.0 2 25.119 2 1.0 64 49 49 1
212 56 1 2.0 1 15.849 1 1.0 306 43 30 0
213 56 1 2.0 2 25.119 1 1.0 340 49 89 1
214 56 -1 4.0 4 15.849 2 1.0 173 65 49 1
215 56 -1 4.0 1 39.182 2 1.0 217 43 57 1
216 56 1 4.0 5 10.0 1 1.0 4 74 80 1
217 56 -1 4.0 5 39.182 2 1.0 266 74 40 1
218 56 -1 4.0 3 25.119 2 1.0 357 56 32 1
219 56 1 4.0 3 25.119 1 1.0 95 56 41 1
220 56 -1 4.0 4 39.182 2 1.0 100 65 46 1
221 56 1 2.0 2 15.849 1 1.0 203 49 83 0
222 56 1 4.0 2 6.31 1 1.0 276 49 80 0
223 56 -1 2.0 3 10.0 1 1.0 185 56 53 0
224 56 -1 2.0 5 6.31 2 1.0 119 74 80 1
225 56 -1 2.0 4 39.182 1 1.0 272 65 77 1
226 56 1 4.0 1 25.119 1 1.0 161 43 84 0
227 56 -1 2.0 3 6.31 2 1.0 177 56 34 1
228 56 -1 4.0 4 10.0 2 1.0 249 65 38 1
229 56 1 4.0 1 6.31 1 1.0 167 43 61 1
230 56 1 4.0 3 6.31 2 1.0 313 56 31 1
231 56 -1 4.0 1 15.849 2 1.0 51 43 64 0
232 56 1 4.0 2 25.119 2 1.0 78 49 76 1
233 56 -1 2.0 1 15.849 2 1.0 310 43 82 0
234 56 1 4.0 1 10.0 1 1.0 338 43 40 0
235 56 1 2.0 2 39.182 2 1.0 37 49 79 1
236 56 1 4.0 5 25.119 2 1.0 48 74 83 0
237 56 1 4.0 4 10.0 2 1.0 42 65 58 1
238 56 -1 2.0 3 10.0 2 1.0 128 56 63 0
239 56 1 4.0 4 6.31 1 1.0 87 65 45 1
240 56 -1 2.0 1 39.182 2 1.0 78 43 40 0
241 56 1 4.0 3 6.31 1 1.0 45 56 89 0
242 56 -1 2.0 4 25.119 2 1.0 67 65 82 1
243 56 1 4.0 3 25.119 1 1.0 219 56 38 0
244 56 -1 4.0 1 39.182 2 1.0 107 43 68 1
245 56 1 2.0 2 6.31 2 1.0 312 49 63 0
246 56 -1 4.0 2 25.119 1 1.0 182 49 78 0
247 56 1 4.0 2 10.0 2 1.0 244 49 76 0
248 56 -1 2.0 1 6.31 1 1.0 276 43 76 0
249 56 1 4.0 5 25.119 1 1.0 157 74 83 1
250 56 -1 4.0 4 15.849 2 1.0 172 65 59 1
251 56 -1 2.0 5 39.182 2 1.0 88 74 39 1
252 56 -1 4.0 1 3.981 1 1.0 262 43 52 0
253 56 -1 2.0 5 25.119 2 1.0 40 74 84 1
254 56 -1 4.0 2 25.119 2 1.0 231 49 62 1
255 56 -1 2.0 1 25.119 1 1.0 341 43 78 0
256 56 -1 4.0 3 6.31 1 1.0 107 56 90 0
257 56 -1 2.0 3 39.182 2 1.0 240 56 79 1
258 56 -1 2.0 3 6.31 2 1.0 37 56 75 0
259 56 -1 2.0 5 3.981 1 1.0 48 74 85 0
260 56 1 2.0 3 10.0 1 1.0 290 56 46 0
261 56 1 2.0 1 39.182 2 1.0 19 43 73 1
262 56 1 4.0 3 15.849 2 1.0 252 56 59 0
263 56 1 2.0 1 15.849 1 1.0 225 43 53 0
264 56 1 4.0 2 39.182 2 1.0 351 49 65 0
265 56 -1 4.0 5 39.182 2 1.0 220 74 89 1
266 56 -1 2.0 5 10.0 1 1.0 313 74 52 1
267 56 -1 4.0 5 6.31 2 1.0 118 74 77 0
268 56 1 4.0 1 6.31 1 1.0 217 43 54 1
269 56 1 2.0 1 3.981 2 1.0 82 43 41 0
270 56 1 2.0 2 25.119 2 1.0 142 49 45 1
271 56 1 4.0 4 25.119 1 1.0 161 65 70 1
272 56 -1 2.0 4 3.981 2 1.0 35 65 90 1
273 56 -1 4.0 4 15.849 1 1.0 33 65 65 1
274 56 1 2.0 5 39.182 2 1.0 200 74 86 1
275 56 -1 4.0 2 15.849 2 1.0 274 49 55 1
276 56 -1 2.0 2 25.119 1 1.0 145 49 53 0
277 56 1 2.0 3 3.981 2 1.0 206 56 78 0
278 56 -1 4.0 1 39.182 1 1.0 338 43 51 0
279 56 1 4.0 5 15.849 1 1.0 48 74 51 1
280 56 1 2.0 5 3.981 1 1.0 80 74 78 1
281 56 1 4.0 1 6.31 2 1.0 30 43 90 0
282 56 1 4.0 5 15.849 2 1.0 298 74 37 1
283 56 1 2.0 4 15.849 2 1.0 37 65 76 1
284 56 1 2.0 4 3.981 2 1.0 107 65 45 1
285 56 -1 4.0 3 15.849 1 1.0 95 56 37 0
286 56 -1 4.0 5 3.981 2 1.0 103 74 60 1
287 56 1 4.0 2 25.119 2 1.0 109 49 56 1
288 56 -1 4.0 5 10.0 1 1.0 173 74 76 1
289 56 -1 4.0 4 25.119 2 1.0 240 65 80 1
290 56 -1 4.0 4 39.182 1 1.0 283 65 84 1
291 56 1 2.0 3 39.182 2 1.0 304 56 87 1
292 56 1 2.0 2 15.849 1 1.0 160 49 60 1
293 56 1 4.0 4 39.182 2 1.0 41 65 49 1
294 56 1 4.0 4 15.849 1 1.0 61 65 31 1
295 56 1 2.0 1 25.119 2 1.0 146 43 46 1
296 56 -1 4.0 3 3.981 1 1.0 8 56 74 0
297 56 -1 2.0 3 15.849 1 1.0 63 56 44 1
298 56 -1 2.0 4 39.182 2 1.0 339 65 70 1
299 56 -1 2.0 3 15.849 2 1.0 122 56 57 1
300 56 -1 2.0 3 10.0 2 1.0 270 56 75 1
301 56 1 4.0 4 39.182 1 1.0 207 65 44 1
302 56 -1 4.0 3 39.182 1 1.0 59 56 49 1
303 56 1 4.0 2 10.0 1 1.0 234 49 73 0
304 56 -1 2.0 2 15.849 2 1.0 162 49 64 1
305 56 -1 2.0 1 3.981 1 1.0 95 43 39 0
306 56 1 2.0 1 10.0 1 1.0 242 43 51 0
307 56 1 4.0 4 25.119 2 1.0 327 65 46 1
308 56 -1 4.0 2 39.182 2 1.0 216 49 61 1
309 56 1 4.0 2 6.31 2 1.0 33 49 83 0
310 56 -1 4.0 5 25.119 1 1.0 91 74 33 1
311 56 1 2.0 1 25.119 1 1.0 261 43 85 1
312 56 1 4.0 2 25.119 1 1.0 117 49 35 1
313 56 1 2.0 1 3.981 1 1.0 7 43 31 0
314 56 -1 4.0 3 25.119 2 1.0 345 56 41 1
315 56 1 4.0 4 6.31 2 1.0 275 65 66 1
316 56 -1 2.0 4 39.182 1 1.0 169 65 83 1
317 56 -1 2.0 5 10.0 2 1.0 126 74 88 1
318 56 -1 2.0 2 15.849 1 1.0 68 49 63 0
319 56 1 2.0 5 6.31 1 1.0 317 74 52 1
320 56 1 4.0 1 25.119 2 1.0 61 43 47 0
321 56 -1 4.0 5 6.31 1 1.0 217 74 34 1
322 56 1 2.0 1 6.31 1 1.0 326 43 76 0
323 56 -1 2.0 1 15.849 1 1.0 280 43 67 1
324 56 -1 2.0 2 3.981 1 1.0 254 49 35 0
325 56 -1 2.0 1 39.182 1 1.0 122 43 62 1
326 56 -1 4.0 1 10.0 2 1.0 94 43 35 1
327 56 1 2.0 2 15.849 2 1.0 126 49 55 1
328 56 -1 2.0 3 25.119 2 1.0 257 56 57 1
329 56 -1 4.0 2 6.31 1 1.0 1 49 61 1
330 56 1 2.0 1 15.849 2 1.0 254 43 34 0
331 56 -1 2.0 1 10.0 1 1.0 21 43 70 0
332 56 1 4.0 1 3.981 1 1.0 282 43 71 0
333 56 -1 2.0 1 25.119 2 1.0 23 43 59 1
334 56 -1 4.0 2 3.981 1 1.0 152 49 30 0
335 56 1 2.0 1 39.182 1 1.0 300 43 60 1
336 56 -1 4.0 4 25.119 1 1.0 199 65 68 0
337 56 -1 2.0 2 39.182 2 1.0 112 49 69 1
338 56 -1 2.0 5 39.182 1 1.0 225 74 55 1
339 56 -1 4.0 1 3.981 2 1.0 199 43 57 1
340 56 1 4.0 5 39.182 1 1.0 27 74 87 1
341 56 -1 2.0 1 6.31 2 1.0 174 43 74 1
342 56 -1 2.0 1 3.981 2 1.0 236 43 41 0
343 56 -1 2.0 2 3.981 2 1.0 352 49 89 0
344 56 -1 2.0 5 6.31 1 1.0 145 74 88 1
345 56 -1 2.0 4 10.0 2 1.0 227 65 44 1
346 56 1 4.0 5 3.981 1 1.0 19 74 88 1
347 56 -1 4.0 3 15.849 2 1.0 325 56 58 0
348 56 -1 4.0 5 3.981 1 1.0 120 74 88 1
349 56 1 2.0 5 25.119 2 1.0 81 74 65 1
350 56 -1 4.0 4 6.31 2 1.0 39 65 68 1
351 56 1 2.0 2 6.31 1 1.0 32 49 35 1
352 56 -1 2.0 4 3.981 1 1.0 170 65 49 1
353 56 1 2.0 5 6.31 2 1.0 342 74 63 1
354 56 1 2.0 3 10.0 2 1.0 186 56 81 1
355 56 -1 2.0 1 15.849 2 1.0 123 43 57 1
356 56 1 4.0 1 3.981 2 1.0 81 43 57 1
357 56 -1 4.0 5 10.0 2 1.0 237 74 41 1
358 56 1 4.0 3 39.182 1 1.0 201 56 63 1
359 56 -1 4.0 1 15.849 2 1.0 65 43 37 0
360 56 1 2.0 4 15.849 1 1.0 186 65 33 1
361 56 1 2.0 1 6.31 2 1.0 276 43 81 1
362 56 1 2.0 2 25.119 1 1.0 345 49 30 1
363 56 1 2.0 3 15.849 2 1.0 55 56 61 1
364 56 1 2.0 2 10.0 1 1.0 282 49 61 0
365 56 1 4.0 2 3.981 2 1.0 130 49 87 0
366 56 -1 4.0 2 10.0 2 1.0 343 49 52 0
367 56 -1 4.0 5 39.182 1 1.0 41 74 43 1
368 56 1 2.0 5 25.119 1 1.0 313 74 78 1
369 56 -1 2.0 3 10.0 1 1.0 166 56 50 1
370 56 1 4.0 1 39.182 1 1.0 73 43 65 0
371 56 1 2.0 5 39.182 1 1.0 158 74 60 1
372 56 -1 4.0 1 25.119 2 1.0 329 43 32 0
373 56 1 4.0 5 10.0 1 1.0 254 74 38 1
374 56 1 2.0 5 15.849 2 1.0 273 74 85 1
375 56 -1 2.0 5 6.31 2 1.0 259 74 75 1
376 56 1 4.0 5 6.31 1 1.0 43 74 78 1
377 56 -1 2.0 4 6.31 2 1.0 70 65 61 1
378 56 -1 2.0 1 10.0 2 1.0 152 43 71 0
379 56 1 2.0 3 6.31 1 1.0 256 56 35 0
380 56 -1 4.0 4 39.182 2 1.0 162 65 54 1
381 56 -1 2.0 5 3.981 2 1.0 143 74 68 1
382 56 -1 2.0 4 25.119 1 1.0 231 65 45 0
383 56 1 4.0 4 3.981 1 1.0 141 65 76 1
384 56 -1 4.0 1 10.0 1 1.0 57 43 30 0
385 56 1 4.0 1 15.849 1 1.0 79 43 68 0
386 56 1 4.0 4 6.31 1 1.0 162 65 38 1
387 56 -1 4.0 1 6.31 1 1.0 255 43 47 0
388 56 -1 4.0 5 25.119 2 1.0 31 74 40 1
389 56 1 4.0 3 25.119 2 1.0 197 56 65 0
390 56 -1 4.0 4 10.0 2 1.0 169 65 76 1
391 56 1 2.0 3 3.981 1 1.0 33 56 48 0
392 56 -1 2.0 2 10.0 1 1.0 316 49 66 1
393 56 1 4.0 1 39.182 2 1.0 256 43 42 0
394 56 1 4.0 1 25.119 1 1.0 209 43 50 0
395 56 1 2.0 4 10.0 2 1.0 312 65 36 1
396 56 -1 4.0 4 3.981 2 1.0 99 65 49 1
397 56 1 2.0 3 25.119 2 1.0 173 56 70 0
398 56 1 4.0 2 15.849 1 1.0 232 49 69 0
399 56 1 2.0 2 39.182 1 1.0 170 49 33 0
400 56 1 4.0 3 3.981 1 1.0 330 56 79 1
401 56 -1 2.0 4 6.31 1 1.0 13 65 65 0
402 56 -1 2.0 2 25.119 2 1.0 281 49 46 1
403 56 1 2.0 5 15.849 1 1.0 12 74 48 1
404 56 -1 4.0 4 3.981 1 1.0 346 65 49 0
405 56 1 2.0 4 10.0 1 1.0 262 65 41 0
406 56 -1 2.0 2 6.31 2 1.0 218 49 86 0
407 56 1 4.0 1 10.0 2 1.0 6 43 47 0
408 56 1 4.0 4 10.0 2 1.0 94 65 88 1
409 56 1 4.0 4 3.981 2 1.0 266 65 48 1
410 56 -1 2.0 3 25.119 1 1.0 197 56 41 0
411 56 1 4.0 5 39.182 2 1.0 64 74 65 1
412 56 1 4.0 2 15.849 2 1.0 330 49 60 1
413 56 -1 4.0 2 15.849 1 1.0 248 49 78 0
414 56 1 2.0 5 10.0 2 1.0 190 74 37 1
415 56 -1 4.0 2 6.31 2 1.0 25 49 45 0
416 56 1 2.0 4 39.182 1 1.0 194 65 60 1
417 56 1 2.0 1 10.0 2 1.0 279 43 76 0
418 56 1 2.0 2 3.981 1 1.0 109 49 47 0
419 56 -1 4.0 2 39.182 1 1.0 175 49 67 1
420 56 1 2.0 3 15.849 1 1.0 300 56 51 1
421 56 1 2.0 4 6.31 2 1.0 89 65 38 1
422 56 -1 2.0 5 15.849 1 1.0 242 74 33 1
423 56 -1 4.0 3 6.31 2 1.0 92 56 37 1
424 56 -1 2.0 1 39.182 2 1.0 334 43 57 0
425 56 1 2.0 4 25.119 1 1.0 1 65 60 1
426 56 1 4.0 5 25.119 2 1.0 70 74 76 1
427 56 1 2.0 2 10.0 2 1.0 134 49 51 1
428 56 1 2.0 2 39.182 2 1.0 201 49 63 1
429 56 1 4.0 2 39.182 1 1.0 323 49 48 1
430 56 1 2.0 3 39.182 1 1.0 143 56 75 1
431 56 -1 4.0 3 39.182 2 1.0 239 56 78 1
432 56 -1 2.0 4 15.849 1 1.0 75 65 74 1
433 56 1 4.0 5 6.31 2 1.0 308 74 89 1
434 56 -1 2.0 3 3.981 2 1.0 15 56 54 1
435 56 -1 4.0 1 6.31 2 1.0 232 43 35 0
436 56 1 4.0 3 39.182 2 1.0 42 56 65 1
437 56 1 4.0 3 3.981 2 1.0 267 56 61 0
438 56 1 2.0 5 10.0 1 1.0 76 74 76 1
439 56 -1 2.0 5 25.119 1 1.0 124 74 81 1
440 56 1 2.0 4 25.119 2 1.0 85 65 68 1
441 56 1 4.0 3 6.31 2 1.0 230 56 55 1
442 56 1 4.0 1 15.849 2 1.0 220 43 40 1
443 56 -1 2.0 4 10.0 1 1.0 344 65 90 1
444 56 1 4.0 3 10.0 1 1.0 30 56 70 0
445 56 -1 4.0 3 10.0 1 1.0 71 56 72 0
446 56 1 4.0 2 6.31 1 1.0 10 49 52 0
447 56 -1 2.0 2 6.31 1 1.0 311 49 78 0
448 56 1 2.0 4 3.981 1 1.0 296 65 63 1
449 56 -1 2.0 3 6.31 1 1.0 73 56 30 0
450 56 1 2.0 4 6.31 1 1.0 76 65 78 1
451 56 1 2.0 5 3.981 2 1.0 22 74 84 1
452 56 1 4.0 1 10.0 1 1.0 138 43 68 0
453 56 1 2.0 3 25.119 1 1.0 195 56 65 1
454 56 -1 4.0 5 15.849 1 1.0 173 74 34 1
455 56 -1 4.0 1 25.119 1 1.0 193 43 83 0
456 56 1 4.0 3 10.0 2 1.0 23 56 31 1
457 56 -1 4.0 3 25.119 1 1.0 119 56 66 1
458 56 -1 4.0 3 10.0 2 1.0 313 56 34 0
459 56 -1 2.0 2 39.182 1 1.0 205 49 48 0
460 56 -1 2.0 3 3.981 1 1.0 346 56 35 0
461 56 -1 4.0 2 10.0 1 1.0 198 49 73 0
462 56 -1 4.0 5 15.849 2 1.0 203 74 38 1
463 56 1 4.0 5 3.981 2 1.0 147 74 80 1
464 56 -1 2.0 4 15.849 2 1.0 243 65 36 1
465 56 -1 4.0 2 3.981 2 1.0 6 49 44 0
466 56 -1 2.0 5 15.849 2 1.0 9 74 59 1
467 56 1 4.0 4 10.0 1 1.0 350 65 56 1
468 56 -1 4.0 3 3.981 2 1.0 73 56 49 0
469 56 1 2.0 4 39.182 2 1.0 117 65 55 1
470 56 1 2.0 2 3.981 2 1.0 223 49 86 0
471 56 -1 2.0 3 39.182 1 1.0 202 56 68 1
472 56 1 4.0 2 3.981 1 1.0 124 49 73 0
473 56 -1 4.0 4 6.31 1 1.0 49 65 60 0
474 56 1 4.0 3 15.849 1 1.0 354 56 49 0
475 56 1 2.0 3 6.31 2 1.0 257 56 66 1
476 56 -1 4.0 1 15.849 1 1.0 42 43 53 0
477 56 -1 2.0 2 10.0 2 1.0 271 49 51 1
478 56 -1 4.0 4 10.0 1 1.0 13 65 81 1
479 56 1 4.0 5 10.0 2 1.0 319 74 53 1
480 56 1 4.0 4 15.849 2 1.0 121 65 44 1
