trial durationTest direction radius durationComparison speed number size iniAngle1 durComp onset response
1 112 1 4.0 5 10.0 2 1.0 221 148 58 1
2 112 -1 4.0 2 15.849 1 1.0 231 98 73 0
3 112 1 2.0 4 39.182 1 1.0 330 129 79 1
4 112 1 4.0 5 25.119 2 1.0 349 148 37 1
5 112 -1 4.0 1 6.31 2 1.0 306 85 41 0
6 112 -1 4.0 1 15.849 1 1.0 298 85 35 1
7 112 1 2.0 2 6.31 1 1.0 23 98 66 0
8 112 1 2.0 4 10.0 1 1.0 198 129 54 1
9 112 -1 4.0 4 3.981 1 1.0 109 129 72 1
10 112 -1 2.0 1 6.31 1 1.0 127 85 89 1
11 112 -1 4.0 3 25.119 1 1.0 76 112 43 1
12 112 1 4.0 5 6.31 2 1.0 121 148 30 1
13 112 1 4.0 1 3.981 2 1.0 127 85 38 0
14 112 -1 2.0 3 6.31 1 1.0 356 112 64 1
15 112 1 2.0 2 15.849 1 1.0 35 98 32 1
16 112 1 4.0 5 6.31 1 1.0 1 148 48 1
17 112 -1 2.0 5 6.31 2 1.0 250 148 90 1
18 112 1 4.0 3 3.981 1 1.0 125 112 85 0
19 112 1 2.0 1 6.31 2 1.0 205 85 70 0
20 112 -1 4.0 1 10.0 1 1.0 266 85 73 0
21 112 1 4.0 3 6.31 2 1.0 172 112 43 0
22 112 -1 4.0 3 25.119 2 1.0 207 112 78 1
23 112 1 4.0 1 15.849 1 1.0 49 85 63 0
24 112 -1 4.0 1 15.849 2 1.0 306 85 64 0
25 112 -1 4.0 5 6.31 2 1.0 11 148 75 1
26 112 -1 2.0 1 39.182 2 1.0 260 85 51 1
27 112 -1 2.0 5 3.981 2 1.0 14 148 61 1
28 112 -1 4.0 1 39.182 2 1.0 295 85 56 1
29 112 -1 4.0 4 15.849 2 1.0 124 129 87 1
30 112 -1 2.0 1 15.849 1 1.0 68 85 43 0
31 112 1 2.0 1 6.31 1 1.0 202 85 37 0
32 112 -1 2.0 4 39.182 1 1.0 268 129 31 1
33 112 1 2.0 2 6.31 2 1.0 12 98 58 0
34 112 1 4.0 4 15.849 1 1.0 121 129 75 1
35 112 -1 4.0 2 6.31 2 1.0 325 98 73 0
36 112 -1 2.0 4 3.981 2 1.0 336 129 57 0
37 112 1 2.0 3 6.31 2 1.0 42 112 53 1
38 112 -1 4.0 1 25.119 1 1.0 149 85 63 0
39 112 -1 4.0 5 39.182 1 1.0 327 148 79 1
40 112 1 4.0 3 3.981 2 1.0 263 112 32 0
41 112 1 2.0 5 15.849 1 1.0 174 148 40 1
42 112 1 2.0 2 25.119 1 1.0 15 98 82 0
43 112 1 4.0 4 6.31 2 1.0 13 129 59 0
44 112 1 4.0 2 15.849 2 1.0 180 98 30 0
45 112 1 2.0 4 3.981 2 1.0 137 129 61 1
46 112 1 4.0 3 39.182 2 1.0 339 112 52 1
47 112 -1 4.0 5 25.119 2 1.0 280 148 76 1
48 112 1 2.0 2 10.0 2 1.0 181 98 38 0
49 112 -1 4.0 4 25.119 1 1.0 151 129 43 1
50 112 -1 2.0 2 10.0 1 1.0 291 98 90 0
51 112 -1 2.0 1 3.981 1 1.0 110 85 73 0
52 112 -1 2.0 5 6.31 1 1.0 316 148 38 1
53 112 1 2.0 3 25.119 1 1.0 180 112 83 1
54 112 -1 2.0 5 10.0 2 1.0 290 148 86 1
55 112 1 4.0 4 25.119 2 1.0 58 129 54 1
56 112 1 4.0 5 3.981 1 1.0 206 148 84 1
57 112 1 4.0 2 10.0 1 1.0 127 98 61 1
58 112 1 4.0 4 15.849 2 1.0 72 129 79 1
59 112 -1 4.0 3 10.0 1 1.0 277 112 65 0
60 112 -1 2.0 3 3.981 2 1.0 240 112 81 0
61 112 1 2.0 1 3.981 1 1.0 189 85 79 0
62 112 -1 4.0 2 10.0 2 1.0 81 98 44 0
63 112 -1 4.0 2 3.981 2 1.0 271 98 76 0
64 112 1 4.0 1 3.981 1 1.0 258 85 34 0
65 112 -1 4.0 5 10.0 2 1.0 171 148 82 1
66 112 -1 2.0 1 25.119 2 1.0 276 85 55 1
67 112 -1 4.0 4 39.182 1 1.0 322 129 62 1
68 112 -1 4.0 5 6.31 1 1.0 150 148 69 0
69 112 1 2.0 5 3.981 1 1.0 112 148 56 1
70 112 1 2.0 1 3.981 2 1.0 190 85 32 0
71 112 -1 4.0 4 10.0 1 1.0 122 129 81 0
72 112 1 4.0 4 10.0 1 1.0 117 129 83 1
73 112 1 2.0 4 25.119 2 1.0 94 129 37 1
74 112 -1 4.0 5 3.981 2 1.0 287 148 63 0
75 112 -1 2.0 4 39.182 2 1.0 16 129 60 1
76 112 1 2.0 5 25.119 2 1.0 344 148 82 1
77 112 1 4.0 1 10.0 1 1.0 12 85 64 0
78 112 -1 2.0 2 25.119 1 1.0 318 98 67 0
79 112 -1 2.0 2 39.182 2 1.0 34 98 53 1
80 112 1 4.0 3 15.849 2 1.0 179 112 67 1
81 112 1 4.0 2 15.849 1 1.0 10 98 35 0
82 112 -1 4.0 1 10.0 2 1.0 107 85 41 0
83 112 1 4.0 3 39.182 1 1.0 29 112 86 1
84 112 1 4.0 3 10.0 1 1.0 205 112 64 1
85 112 1 2.0 3 15.849 1 1.0 300 112 39 1
86 112 -1 4.0 3 15.849 2 1.0 132 112 81 1
87 112 -1 4.0 1 3.981 1 1.0 110 85 40 0
88 112 -1 2.0 5 25.119 1 1.0 283 148 77 1
89 112 1 2.0 4 6.31 2 1.0 306 129 48 1
90 112 1 4.0 4 3.981 2 1.0 196 129 62 1
91 112 1 2.0 3 3.981 1 1.0 138 112 73 0
92 112 1 4.0 3 25.119 1 1.0 190 112 32 0
93 112 -1 4.0 2 15.849 2 1.0 90 98 30 0
94 112 1 2.0 3 25.119 2 1.0 224 112 36 1
95 112 -1 4.0 4 15.849 1 1.0 199 129 33 1
96 112 1 4.0 5 15.849 1 1.0 95 148 75 1
97 112 1 4.0 2 6.31 1 1.0 302 98 85 0
98 112 1 4.0 3 15.849 1 1.0 42 112 38 1
99 112 -1 4.0 3 39.182 2 1.0 214 112 41 1
100 112 1 2.0 2 39.182 1 1.0 260 98 42 1
101 112 -1 2.0 3 25.119 1 1.0 27 112 57 1
102 112 1 2.0 4 10.0 2 1.0 11 129 58 1
103 112 1 2.0 5 25.119 1 1.0 237 148 58 1
104 112 -1 2.0 2 15.849 2 1.0 167 98 87 1
105 112 1 2.0 2 3.981 1 1.0 328 98 73 0
106 112 -1 4.0 3 10.0 2 1.0 195 112 40 1
107 112 -1 4.0 3 15.849 1 1.0 319 112 63 1
108 112 -1 2.0 2 15.849 1 1.0 180 98 58 1
109 112 1 2.0 5 10.0 1 1.0 99 148 78 1
110 112 1 4.0 5 10.0 1 1.0 188 148 48 0
111 112 1 4.0 2 6.31 2 1.0 133 98 86 0
112 112 1 2.0 3 39.182 2 1.0 194 112 73 1
113 112 -1 2.0 2 39.182 1 1.0 235 98 73 1
114 112 -1 4.0 3 6.31 1 1.0 35 112 89 0
115 112 -1 2.0 2 3.981 2 1.0 67 98 31 0
116 112 -1 4.0 4 39.182 2 1.0 340 129 54 1
117 112 -1 2.0 5 15.849 2 1.0 68 148 83 1
118 112 -1 2.0 5 10.0 1 1.0 39 148 32 0
119 112 1 2.0 5 10.0 2 1.0 65 148 74 1
120 112 -1 4.0 2 39.182 2 1.0 329 98 42 1
121 112 1 2.0 1 10.0 2 1.0 177 85 49 0
122 112 -1 2.0 2 3.981 1 1.0 267 98 88 0
123 112 1 2.0 5 6.31 1 1.0 321 148 90 1
124 112 -1 2.0 4 15.849 1 1.0 60 129 51 1
125 112 -1 2.0 4 25.119 2 1.0 301 129 46 1
126 112 1 4.0 1 6.31 2 1.0 316 85 90 0
127 112 -1 2.0 2 6.31 2 1.0 185 98 77 0
128 112 -1 4.0 1 6.31 1 1.0 284 85 34 0
129 112 -1 2.0 1 3.981 2 1.0 157 85 87 0
130 112 -1 2.0 4 6.31 1 1.0 195 129 32 1
131 112 -1 4.0 5 15.849 2 1.0 291 148 51 1
132 112 -1 2.0 4 10.0 2 1.0 238 129 39 1
133 112 -1 2.0 1 25.119 1 1.0 223 85 37 0
134 112 1 4.0 4 39.182 1 1.0 205 129 74 1
135 112 1 4.0 2 3.981 1 1.0 213 98 88 0
136 112 1 4.0 2 39.182 2 1.0 44 98 61 1
137 112 -1 2.0 3 15.849 2 1.0 55 112 55 1
138 112 -1 4.0 2 3.981 1 1.0 248 98 52 0
139 112 -1 2.0 5 15.849 1 1.0 29 148 37 1
140 112 -1 4.0 4 10.0 2 1.0 138 129 79 0
141 112 -1 4.0 1 3.981 2 1.0 74 85 43 0
142 112 -1 2.0 4 6.31 2 1.0 197 129 81 1
143 112 -1 4.0 5 15.849 1 1.0 127 148 83 1
144 112 1 4.0 1 39.182 1 1.0 148 85 37 1
145 112 -1 4.0 2 25.119 1 1.0 37 98 53 0
146 112 -1 2.0 4 15.849 2 1.0 185 129 86 1
147 112 1 2.0 1 39.182 1 1.0 66 85 39 1
148 112 1 2.0 4 25.119 1 1.0 57 129 32 1
149 112 -1 4.0 5 25.119 1 1.0 29 148 77 1
150 112 -1 4.0 2 6.31 1 1.0 163 98 84 0
151 112 1 4.0 5 39.182 1 1.0 230 148 48 1
152 112 -1 2.0 3 15.849 1 1.0 273 112 60 1
153 112 -1 2.0 3 25.119 2 1.0 203 112 43 1
154 112 -1 4.0 4 6.31 2 1.0 133 129 66 0
155 112 1 2.0 3 15.849 2 1.0 330 112 56 1
156 112 -1 2.0 1 15.849 2 1.0 14 85 76 1
157 112 -1 2.0 4 10.0 1 1.0 16 129 58 1
158 112 1 4.0 1 39.182 2 1.0 185 85 90 0
159 112 -1 2.0 1 10.0 2 1.0 10 85 68 0
160 112 -1 2.0 1 39.182 1 1.0 62 85 78 0
161 112 -1 4.0 2 39.182 1 1.0 16 98 49 1
162 112 1 2.0 5 39.182 2 1.0 128 148 68 1
163 112 1 2.0 2 15.849 2 1.0 144 98 87 0
164 112 1 4.0 2 10.0 2 1.0 20 98 60 0
165 112 -1 4.0 3 6.31 2 1.0 202 112 52 0
166 112 -1 4.0 5 39.182 2 1.0 302 148 64 1
167 112 1 4.0 4 10.0 2 1.0 163 129 89 0
168 112 1 2.0 5 3.981 2 1.0 229 148 68 1
169 112 1 4.0 4 25.119 1 1.0 340 129 77 1
170 112 -1 2.0 3 3.981 1 1.0 246 112 34 0
171 112 1 4.0 1 25.119 2 1.0 247 85 74 0
172 112 1 4.0 4 39.182 2 1.0 293 129 38 1
173 112 1 4.0 1 6.31 1 1.0 88 85 38 0
174 112 -1 2.0 5 39.182 2 1.0 78 148 67 1
175 112 1 2.0 1 39.182 2 1.0 43 85 32 0
176 112 1 4.0 3 25.119 2 1.0 120 112 44 0
177 112 1 4.0 1 25.119 1 1.0 130 85 67 0
178 112 1 2.0 2 25.119 2 1.0 23 98 86 1
179 112 1 4.0 5 3.981 2 1.0 305 148 72 0
180 112 -1 4.0 1 25.119 2 1.0 36 85 69 0
181 112 1 4.0 2 25.119 2 1.0 289 98 76 0
182 112 -1 2.0 2 10.0 2 1.0 311 98 34 0
183 112 1 2.0 1 10.0 1 1.0 194 85 87 0
184 112 -1 4.0 3 3.981 2 1.0 182 112 86 0
185 112 1 2.0 5 39.182 1 1.0 201 148 81 1
186 112 1 2.0 4 15.849 1 1.0 337 129 31 1
187 112 -1 4.0 3 39.182 1 1.0 317 112 31 1
188 112 1 2.0 5 15.849 2 1.0 249 148 53 1
189 112 1 4.0 3 6.31 1 1.0 0 112 68 0
190 112 1 2.0 4 15.849 2 1.0 323 129 43 1
191 112 1 2.0 4 39.182 2 1.0 351 129 49 1
192 112 -1 4.0 2 25.119 2 1.0 84 98 81 1
193 112 -1 4.0 4 25.119 2 1.0 67 129 59 1
194 112 1 4.0 2 3.981 2 1.0 244 98 52 0
195 112 -1 4.0 4 3.981 2 1.0 93 129 82 1
196 112 1 4.0 3 10.0 2 1.0 79 112 34 1
197 112 -1 2.0 4 25.119 1 1.0 46 129 70 1
198 112 1 2.0 3 10.0 1 1.0 319 112 65 0
199 112 1 2.0 3 10.0 2 1.0 30 112 52 0
200 112 -1 2.0 3 10.0 1 1.0 277 112 60 0
201 112 -1 2.0 1 10.0 1 1.0 200 85 71 0
202 112 1 2.0 1 15.849 2 1.0 235 85 60 0
203 112 -1 2.0 3 6.31 2 1.0 162 112 84 1
204 112 1 4.0 5 39.182 2 1.0 284 148 81 1
205 112 -1 2.0 3 10.0 2 1.0 210 112 85 1
206 112 1 2.0 1 25.119 2 1.0 139 85 57 1
207 112 1 2.0 4 3.981 1 1.0 354 129 82 0
208 112 1 4.0 2 39.182 1 1.0 287 98 61 1
209 112 -1 2.0 5 3.981 1 1.0 287 148 62 1
210 112 1 2.0 1 25.119 1 1.0 92 85 45 1
211 112 1 4.0 4 6.31 1 1.0 144 129 89 0
212 112 1 4.0 5 15.849 2 1.0 191 148 51 1
213 112 -1 4.0 1 39.182 1 1.0 197 85 63 1
214 112 -1 2.0 2 6.31 1 1.0 55 98 44 0
215 112 -1 4.0 4 6.31 1 1.0 159 129 85 0
216 112 -1 2.0 3 39.182 2 1.0 156 112 45 1
217 112 1 4.0 5 25.119 1 1.0 221 148 39 1
218 112 -1 4.0 3 3.981 1 1.0 136 112 64 0
219 112 1 4.0 4 3.981 1 1.0 210 129 43 0
220 112 -1 2.0 2 25.119 2 1.0 145 98 49 0
221 112 1 2.0 3 6.31 1 1.0 55 112 59 1
222 112 1 4.0 1 15.849 2 1.0 117 85 59 0
223 112 -1 4.0 5 3.981 1 1.0 229 148 78 1
224 112 -1 4.0 5 10.0 1 1.0 238 148 63 1
225 112 1 2.0 4 6.31 1 1.0 296 129 66 1
226 112 -1 2.0 4 3.981 1 1.0 57 129 65 0
227 112 -1 4.0 2 10.0 1 1.0 197 98 41 0
228 112 1 2.0 3 39.182 1 1.0 37 112 38 1
229 112 1 2.0 1 15.849 1 1.0 142 85 58 0
230 112 -1 2.0 5 39.182 1 1.0 46 148 56 1
231 112 1 2.0 2 3.981 2 1.0 305 98 36 0
232 112 -1 2.0 1 6.31 2 1.0 207 85 41 0
233 112 1 2.0 2 10.0 1 1.0 81 98 37 0
234 112 1 4.0 2 25.119 1 1.0 57 98 33 0
235 112 1 2.0 2 39.182 2 1.0 145 98 87 1
236 112 1 2.0 3 3.981 2 1.0 208 112 88 0
237 112 -1 2.0 5 25.119 2 1.0 163 148 73 1
238 112 1 4.0 1 10.0 2 1.0 329 85 86 0
239 112 -1 2.0 3 39.182 1 1.0 182 112 64 1
240 112 1 2.0 5 6.31 2 1.0 327 148 62 1
241 112 1 2.0 3 15.849 2 1.0 328 112 74 1
242 112 -1 4.0 5 25.119 1 1.0 38 148 73 1
243 112 1 4.0 1 10.0 1 1.0 173 85 50 0
244 112 1 4.0 3 15.849 1 1.0 91 112 33 1
245 112 -1 2.0 1 15.849 1 1.0 346 85 70 0
246 112 -1 2.0 3 39.182 1 1.0 163 112 43 1
247 112 -1 4.0 2 10.0 1 1.0 140 98 65 0
248 112 -1 4.0 2 39.182 2 1.0 311 98 85 1
249 112 1 4.0 3 3.981 1 1.0 189 112 79 0
250 112 1 4.0 1 15.849 2 1.0 314 85 30 0
251 112 -1 2.0 4 25.119 1 1.0 50 129 60 1
252 112 1 4.0 5 39.182 2 1.0 267 148 35 1
253 112 -1 2.0 2 25.119 2 1.0 104 98 86 1
254 112 1 2.0 4 6.31 1 1.0 106 129 81 0
255 112 -1 4.0 5 6.31 1 1.0 49 148 83 0
256 112 1 4.0 1 25.119 2 1.0 72 85 63 0
257 112 -1 4.0 3 3.981 1 1.0 162 112 39 0
258 112 1 2.0 1 39.182 2 1.0 45 85 64 0
259 112 -1 4.0 1 25.119 1 1.0 307 85 30 1
260 112 1 4.0 2 25.119 2 1.0 154 98 40 1
261 112 -1 4.0 1 39.182 2 1.0 90 85 39 1
262 112 -1 2.0 4 39.182 1 1.0 153 129 64 1
263 112 1 2.0 5 10.0 1 1.0 76 148 73 1
264 112 1 2.0 3 25.119 1 1.0 358 112 38 1
265 112 1 4.0 3 39.182 2 1.0 80 112 47 1
266 112 -1 4.0 1 6.31 1 1.0 256 85 50 0
267 112 1 4.0 5 15.849 1 1.0 308 148 44 1
268 112 1 4.0 1 6.31 2 1.0 113 85 68 0
269 112 1 4.0 2 15.849 1 1.0 335 98 86 0
270 112 1 4.0 2 15.849 2 1.0 265 98 57 1
271 112 -1 4.0 3 3.981 2 1.0 200 112 55 1
272 112 -1 2.0 2 10.0 2 1.0 102 98 33 1
273 112 -1 4.0 1 3.981 1 1.0 71 85 89 0
274 112 1 2.0 4 39.182 2 1.0 79 129 46 1
275 112 -1 2.0 2 10.0 1 1.0 193 98 64 0
276 112 -1 4.0 4 10.0 1 1.0 75 129 72 1
277 112 1 4.0 2 39.182 2 1.0 10 98 64 1
278 112 1 2.0 3 6.31 1 1.0 239 112 32 1
279 112 -1 2.0 1 6.31 2 1.0 201 85 74 0
280 112 1 2.0 1 39.182 1 1.0 67 85 61 0
281 112 1 2.0 4 15.849 2 1.0 318 129 31 1
282 112 1 2.0 4 25.119 2 1.0 30 129 76 1
283 112 -1 4.0 3 10.0 2 1.0 251 112 69 0
284 112 1 4.0 4 3.981 2 1.0 70 129 47 0
285 112 -1 4.0 5 3.981 2 1.0 215 148 70 1
286 112 1 4.0 4 10.0 1 1.0 281 129 81 1
287 112 -1 2.0 4 6.31 1 1.0 355 129 34 1
288 112 -1 4.0 1 15.849 1 1.0 27 85 78 0
289 112 1 2.0 4 10.0 1 1.0 252 129 89 1
290 112 1 4.0 5 6.31 1 1.0 97 148 84 0
291 112 -1 2.0 1 3.981 1 1.0 268 85 30 0
292 112 -1 4.0 3 39.182 2 1.0 131 112 44 1
293 112 -1 4.0 1 15.849 2 1.0 90 85 68 0
294 112 -1 4.0 2 6.31 1 1.0 119 98 90 0
295 112 -1 4.0 1 3.981 2 1.0 59 85 72 0
296 112 1 2.0 1 3.981 2 1.0 350 85 62 0
297 112 1 4.0 1 39.182 2 1.0 9 85 56 0
298 112 1 4.0 3 25.119 2 1.0 265 112 57 0
299 112 1 4.0 2 3.981 1 1.0 211 98 41 0
300 112 1 2.0 3 10.0 2 1.0 58 112 47 1
301 112 1 2.0 3 3.981 2 1.0 329 112 77 0
302 112 -1 2.0 1 39.182 2 1.0 54 85 42 0
303 112 1 4.0 2 25.119 1 1.0 68 98 33 1
304 112 -1 2.0 4 10.0 2 1.0 45 129 69 1
305 112 1 4.0 4 15.849 2 1.0 264 129 78 1
306 112 -1 4.0 4 3.981 2 1.0 139 129 60 1
307 112 1 4.0 2 3.981 2 1.0 180 98 58 0
308 112 -1 4.0 5 25.119 2 1.0 247 148 57 1
309 112 -1 4.0 4 6.31 2 1.0 70 129 70 1
310 112 -1 4.0 3 15.849 1 1.0 58 112 63 1
311 112 -1 4.0 5 39.182 2 1.0 96 148 36 1
312 112 1 4.0 3 6.31 2 1.0 272 112 67 0
313 112 1 2.0 4 25.119 1 1.0 5 129 62 1
314 112 -1 4.0 3 25.119 2 1.0 351 112 66 0
315 112 -1 2.0 2 39.182 2 1.0 342 98 49 1
316 112 1 4.0 1 15.849 1 1.0 99 85 67 0
317 112 1 2.0 4 15.849 1 1.0 107 129 41 1
318 112 1 4.0 1 3.981 2 1.0 97 85 70 0
319 112 -1 4.0 2 6.31 2 1.0 208 98 57 1
320 112 -1 2.0 2 6.31 2 1.0 128 98 47 0
321 112 1 2.0 2 25.119 1 1.0 224 98 47 1
322 112 1 2.0 5 15.849 2 1.0 156 148 73 1
323 112 -1 2.0 5 15.849 2 1.0 6 148 67 1
324 112 1 2.0 4 3.981 2 1.0 357 129 64 0
325 112 -1 4.0 3 6.31 1 1.0 288 112 62 0
326 112 1 4.0 2 6.31 1 1.0 308 98 66 0
327 112 1 2.0 1 3.981 1 1.0 266 85 44 0
328 112 -1 4.0 3 10.0 1 1.0 20 112 56 0
329 112 1 2.0 1 10.0 1 1.0 165 85 50 0
330 112 1 4.0 2 10.0 1 1.0 196 98 40 0
331 112 -1 2.0 3 10.0 1 1.0 205 112 35 1
332 112 -1 2.0 5 25.119 1 1.0 76 148 30 1
333 112 -1 4.0 2 10.0 2 1.0 96 98 38 0
334 112 1 2.0 4 10.0 2 1.0 328 129 78 0
335 112 1 4.0 4 39.182 1 1.0 48 129 33 1
336 112 1 2.0 2 6.31 1 1.0 142 98 63 0
337 112 1 2.0 5 3.981 1 1.0 101 148 74 0
338 112 1 4.0 3 15.849 2 1.0 166 112 63 0
339 112 1 4.0 3 25.119 1 1.0 70 112 44 1
340 112 -1 2.0 2 39.182 1 1.0 101 98 44 0
341 112 -1 4.0 2 15.849 2 1.0 163 98 47 0
342 112 -1 4.0 5 6.31 2 1.0 307 148 35 1
343 112 -1 2.0 4 15.849 2 1.0 234 129 61 0
344 112 -1 4.0 5 10.0 1 1.0 288 148 75 1
345 112 -1 4.0 2 25.119 1 1.0 301 98 76 1
346 112 -1 4.0 4 39.182 2 1.0 268 129 80 1
347 112 -1 2.0 3 25.119 1 1.0 16 112 31 1
348 112 -1 4.0 1 6.31 2 1.0 167 85 55 0
349 112 -1 2.0 4 3.981 1 1.0 142 129 51 0
350 112 1 4.0 5 6.31 2 1.0 356 148 54 1
351 112 -1 4.0 2 15.849 1 1.0 290 98 43 1
352 112 1 4.0 2 10.0 2 1.0 41 98 52 0
353 112 -1 4.0 2 39.182 1 1.0 64 98 89 1
354 112 -1 2.0 2 3.981 1 1.0 61 98 85 0
355 112 1 4.0 3 10.0 1 1.0 36 112 88 0
356 112 1 4.0 4 3.981 1 1.0 272 129 52 0
357 112 1 2.0 2 25.119 2 1.0 296 98 79 1
358 112 1 4.0 1 3.981 1 1.0 358 85 47 0
359 112 -1 2.0 2 15.849 1 1.0 342 98 58 0
360 112 1 4.0 4 6.31 2 1.0 180 129 38 0
361 112 -1 4.0 4 15.849 2 1.0 101 129 84 0
362 112 1 4.0 5 15.849 2 1.0 271 148 78 0
363 112 1 4.0 3 39.182 1 1.0 306 112 34 0
364 112 1 2.0 3 25.119 2 1.0 261 112 38 1
365 112 -1 2.0 4 6.31 2 1.0 154 129 84 0
366 112 1 4.0 5 25.119 2 1.0 67 148 89 1
367 112 1 2.0 2 39.182 2 1.0 175 98 54 1
368 112 -1 2.0 5 25.119 2 1.0 92 148 72 1
369 112 -1 4.0 4 25.119 2 1.0 127 129 53 1
370 112 1 2.0 1 15.849 1 1.0 169 85 76 0
371 112 -1 4.0 3 25.119 1 1.0 183 112 82 1
372 112 -1 2.0 5 10.0 2 1.0 312 148 73 0
373 112 -1 4.0 1 25.119 2 1.0 178 85 33 0
374 112 -1 2.0 1 10.0 1 1.0 190 85 50 0
375 112 -1 4.0 4 10.0 2 1.0 344 129 74 1
376 112 -1 4.0 1 39.182 1 1.0 162 85 74 0
377 112 1 2.0 5 39.182 2 1.0 290 148 66 1
378 112 1 2.0 5 25.119 2 1.0 239 148 85 1
379 112 1 2.0 2 15.849 2 1.0 52 98 62 0
380 112 1 2.0 3 3.981 1 1.0 66 112 63 0
381 112 -1 2.0 1 39.182 1 1.0 174 85 47 0
382 112 1 4.0 4 25.119 1 1.0 1 129 57 0
383 112 -1 2.0 3 3.981 2 1.0 209 112 90 0
384 112 1 2.0 1 25.119 1 1.0 55 85 33 0
385 112 -1 2.0 3 15.849 2 1.0 263 112 78 0
386 112 -1 2.0 3 10.0 2 1.0 228 112 32 1
387 112 -1 4.0 2 3.981 2 1.0 314 98 81 0
388 112 -1 2.0 4 25.119 2 1.0 345 129 63 1
389 112 -1 2.0 2 25.119 1 1.0 227 98 72 1
390 112 1 2.0 3 15.849 1 1.0 82 112 30 1
391 112 -1 2.0 1 6.31 1 1.0 304 85 86 0
392 112 -1 2.0 3 3.981 1 1.0 17 112 88 0
393 112 1 2.0 1 6.31 2 1.0 193 85 73 0
394 112 1 2.0 2 10.0 1 1.0 198 98 58 0
395 112 1 2.0 5 25.119 1 1.0 265 148 39 1
396 112 1 2.0 3 6.31 2 1.0 261 112 88 0
397 112 1 4.0 5 10.0 2 1.0 311 148 46 0
398 112 -1 2.0 5 39.182 1 1.0 324 148 50 1
399 112 -1 4.0 4 25.119 1 1.0 77 129 45 1
400 112 1 4.0 3 6.31 1 1.0 89 112 55 0
401 112 -1 2.0 5 6.31 1 1.0 173 148 60 0
402 112 1 2.0 5 15.849 1 1.0 77 148 65 0
403 112 -1 4.0 5 3.981 1 1.0 24 148 78 0
404 112 -1 2.0 3 6.31 1 1.0 86 112 81 0
405 112 -1 2.0 5 6.31 2 1.0 79 148 35 0
406 112 1 2.0 5 10.0 2 1.0 331 148 60 1
407 112 -1 2.0 5 10.0 1 1.0 156 148 50 0
408 112 1 2.0 4 39.182 1 1.0 160 129 69 1
409 112 1 2.0 3 39.182 2 1.0 160 112 58 1
410 112 -1 2.0 2 15.849 2 1.0 109 98 65 0
411 112 -1 2.0 1 15.849 2 1.0 12 85 76 0
412 112 -1 2.0 5 39.182 2 1.0 286 148 68 1
413 112 -1 2.0 4 39.182 2 1.0 170 129 89 1
414 112 1 2.0 1 10.0 2 1.0 318 85 77 0
415 112 1 4.0 4 39.182 2 1.0 122 129 50 1
416 112 1 2.0 2 39.182 1 1.0 167 98 48 1
417 112 1 4.0 4 10.0 2 1.0 14 129 86 0
418 112 1 4.0 5 25.119 1 1.0 128 148 38 1
419 112 1 2.0 1 6.31 1 1.0 90 85 39 0
420 112 -1 2.0 3 15.849 1 1.0 111 112 83 1
421 112 -1 2.0 3 39.182 2 1.0 131 112 34 1
422 112 1 4.0 4 15.849 1 1.0 243 129 81 1
423 112 1 2.0 2 15.849 1 1.0 202 98 76 1
424 112 1 2.0 4 6.31 2 1.0 258 129 51 0
425 112 1 4.0 3 10.0 2 1.0 58 112 84 0
426 112 1 4.0 1 25.119 1 1.0 252 85 45 1
427 112 1 2.0 5 3.981 2 1.0 221 148 85 0
428 112 -1 4.0 3 6.31 2 1.0 101 112 41 0
429 112 -1 4.0 3 39.182 1 1.0 97 112 85 1
430 112 1 4.0 5 3.981 1 1.0 60 148 59 0
431 112 -1 4.0 4 15.849 1 1.0 80 129 30 0
432 112 -1 4.0 4 6.31 1 1.0 41 129 87 0
433 112 1 2.0 5 6.31 2 1.0 284 148 43 0
434 112 -1 4.0 5 10.0 2 1.0 47 148 83 1
435 112 1 4.0 2 39.182 1 1.0 165 98 83 0
436 112 1 2.0 3 39.182 1 1.0 195 112 58 1
437 112 1 4.0 3 3.981 2 1.0 321 112 74 0
438 112 1 4.0 5 10.0 1 1.0 295 148 32 1
439 112 1 4.0 1 39.182 1 1.0 260 85 44 1
440 112 -1 2.0 3 25.119 2 1.0 126 112 37 1
441 112 -1 2.0 4 10.0 1 1.0 6 129 44 1
442 112 -1 2.0 2 3.981 2 1.0 89 98 82 0
443 112 1 4.0 1 10.0 2 1.0 232 85 44 0
444 112 1 4.0 2 6.31 2 1.0 112 98 79 0
445 112 1 2.0 5 6.31 1 1.0 344 148 35 1
446 112 1 2.0 2 6.31 2 1.0 130 98 44 0
447 112 1 2.0 1 15.849 2 1.0 227 85 58 0
448 112 -1 2.0 5 3.981 1 1.0 159 148 57 1
449 112 -1 4.0 2 25.119 2 1.0 7 98 85 0
450 112 -1 2.0 2 6.31 1 1.0 359 98 45 0
451 112 -1 4.0 3 15.849 2 1.0 295 112 84 0
452 112 -1 4.0 1 10.0 1 1.0 45 85 81 0
453 112 1 2.0 2 3.981 2 1.0 159 98 88 0
454 112 -1 2.0 1 25.119 2 1.0 296 85 78 1
455 112 -1 2.0 1 10.0 2 1.0 206 85 31 0
456 112 -1 4.0 5 15.849 2 1.0 327 148 49 1
457 112 -1 4.0 4 39.182 1 1.0 213 129 47 1
458 112 -1 2.0 5 3.981 2 1.0 14 148 34 1
459 112 -1 4.0 5 15.849 1 1.0 238 148 57 1
460 112 1 2.0 4 3.981 1 1.0 88 129 34 0
461 112 -1 2.0 1 3.981 2 1.0 292 85 80 0
462 112 1 2.0 5 39.182 1 1.0 283 148 55 1
463 112 1 4.0 1 6.31 1 1.0 332 85 46 0
464 112 1 4.0 5 39.182 1 1.0 330 148 74 1
465 112 1 2.0 2 10.0 2 1.0 174 98 67 0
466 112 -1 2.0 4 3.981 2 1.0 45 129 56 0
467 112 1 4.0 4 25.119 2 1.0 195 129 78 0
468 112 -1 4.0 4 3.981 1 1.0 93 129 69 0
469 112 -1 4.0 5 39.182 1 1.0 200 148 70 1
470 112 -1 2.0 4 15.849 1 1.0 57 129 37 1
471 112 -1 4.0 2 3.981 1 1.0 74 98 85 0
472 112 1 4.0 5 3.981 2 1.0 344 148 33 0
473 112 1 2.0 2 3.981 1 1.0 272 98 79 0
474 112 1 2.0 1 25.119 2 1.0 2 85 49 1
475 112 1 2.0 3 10.0 1 1.0 165 112 43 1
476 112 -1 4.0 1 10.0 2 1.0 176 85 35 0
477 112 1 4.0 4 6.31 1 1.0 57 129 33 1
478 112 -1 2.0 1 25.119 1 1.0 60 85 77 0
479 112 -1 2.0 3 6.31 2 1.0 59 112 55 0
480 112 -1 2.0 5 15.849 1 1.0 220 148 90 1
