trial durationTest direction radius durationComparison speed number size iniAngle1 durComp onset response
1 112 1 2.0 1 15.849 2 1.0 142 85 53 1
2 112 -1 2.0 4 39.182 1 1.0 142 129 42 1
3 112 1 4.0 1 10.0 1 1.0 277 85 75 0
4 112 1 2.0 2 25.119 2 1.0 349 98 69 1
5 112 1 4.0 5 39.182 2 1.0 83 148 32 1
6 112 -1 4.0 2 10.0 2 1.0 232 98 84 1
7 112 1 4.0 5 15.849 2 1.0 313 148 86 1
8 112 1 4.0 1 15.849 1 1.0 178 85 39 0
9 112 1 4.0 1 15.849 2 1.0 246 85 68 0
10 112 -1 4.0 4 25.119 2 1.0 163 129 50 1
11 112 -1 2.0 4 3.981 1 1.0 288 129 67 1
12 112 1 2.0 3 15.849 1 1.0 320 112 32 0
13 112 -1 2.0 5 3.981 1 1.0 14 148 55 1
14 112 -1 4.0 3 25.119 1 1.0 13 112 81 1
15 112 -1 4.0 1 25.119 1 1.0 306 85 37 1
16 112 1 2.0 3 6.31 2 1.0 127 112 73 1
17 112 -1 4.0 5 3.981 1 1.0 149 148 34 1
18 112 1 2.0 2 3.981 1 1.0 325 98 33 0
19 112 -1 4.0 3 10.0 1 1.0 331 112 50 0
20 112 -1 4.0 2 25.119 1 1.0 233 98 45 1
21 112 -1 4.0 2 15.849 1 1.0 20 98 46 0
22 112 1 2.0 3 15.849 2 1.0 273 112 41 1
23 112 1 2.0 5 6.31 1 1.0 274 148 80 1
24 112 1 4.0 1 25.119 2 1.0 279 85 49 1
25 112 1 4.0 4 10.0 2 1.0 268 129 54 0
26 112 1 4.0 2 10.0 2 1.0 25 98 63 0
27 112 -1 4.0 4 25.119 1 1.0 21 129 32 1
28 112 1 2.0 1 10.0 2 1.0 121 85 64 0
29 112 1 4.0 5 6.31 1 1.0 15 148 35 1
30 112 1 4.0 2 3.981 2 1.0 236 98 85 1
31 112 -1 4.0 2 15.849 2 1.0 26 98 48 0
32 112 -1 2.0 1 10.0 2 1.0 176 85 31 0
33 112 -1 4.0 5 25.119 1 1.0 358 148 33 1
34 112 -1 2.0 5 25.119 1 1.0 311 148 32 1
35 112 -1 2.0 4 6.31 2 1.0 145 129 77 1
36 112 1 4.0 4 3.981 1 1.0 296 129 72 1
37 112 -1 2.0 3 3.981 2 1.0 187 112 80 1
38 112 1 2.0 4 3.981 1 1.0 143 129 35 0
39 112 -1 2.0 4 25.119 2 1.0 292 129 90 1
40 112 -1 4.0 3 3.981 1 1.0 200 112 60 0
41 112 -1 4.0 5 6.31 2 1.0 86 148 68 1
42 112 1 4.0 1 3.981 1 1.0 273 85 83 0
43 112 1 2.0 3 25.119 1 1.0 20 112 79 1
44 112 -1 2.0 3 10.0 1 1.0 347 112 36 0
45 112 -1 4.0 3 10.0 2 1.0 175 112 88 1
46 112 -1 2.0 4 10.0 1 1.0 263 129 65 1
47 112 1 4.0 5 25.119 1 1.0 298 148 44 1
48 112 1 2.0 2 39.182 2 1.0 202 98 41 0
49 112 1 4.0 1 6.31 2 1.0 93 85 77 0
50 112 1 2.0 1 15.849 1 1.0 201 85 32 0
51 112 -1 2.0 2 39.182 1 1.0 233 98 70 1
52 112 1 2.0 1 3.981 2 1.0 93 85 78 1
53 112 1 4.0 4 39.182 2 1.0 347 129 78 0
54 112 -1 2.0 1 6.31 2 1.0 115 85 63 0
55 112 1 2.0 2 3.981 2 1.0 68 98 31 0
56 112 -1 4.0 1 25.119 2 1.0 108 85 41 0
57 112 -1 2.0 4 39.182 2 1.0 101 129 90 0
58 112 -1 2.0 5 3.981 2 1.0 333 148 57 1
59 112 1 2.0 5 6.31 2 1.0 130 148 74 1
60 112 -1 2.0 2 10.0 2 1.0 170 98 46 0
61 112 -1 2.0 2 15.849 1 1.0 321 98 54 1
62 112 -1 2.0 2 25.119 2 1.0 168 98 56 0
63 112 -1 4.0 5 3.981 2 1.0 75 148 35 1
64 112 -1 4.0 1 3.981 2 1.0 190 85 86 1
65 112 1 2.0 2 10.0 1 1.0 330 98 42 0
66 112 1 4.0 2 25.119 2 1.0 50 98 69 0
67 112 1 2.0 2 15.849 2 1.0 216 98 45 0
68 112 -1 2.0 2 3.981 1 1.0 309 98 50 0
69 112 1 2.0 5 25.119 2 1.0 93 148 72 1
70 112 -1 4.0 1 39.182 1 1.0 181 85 84 0
71 112 1 2.0 3 39.182 2 1.0 228 112 78 1
72 112 1 2.0 5 10.0 2 1.0 196 148 60 1
73 112 -1 4.0 4 3.981 2 1.0 175 129 72 1
74 112 -1 4.0 2 39.182 2 1.0 312 98 32 0
75 112 1 2.0 1 25.119 1 1.0 186 85 70 0
76 112 1 4.0 1 10.0 2 1.0 210 85 78 1
77 112 1 2.0 1 25.119 2 1.0 65 85 74 0
78 112 1 4.0 2 6.31 1 1.0 92 98 86 1
79 112 -1 2.0 4 15.849 2 1.0 353 129 75 1
80 112 -1 4.0 1 10.0 2 1.0 299 85 57 0
81 112 1 2.0 2 25.119 1 1.0 315 98 42 0
82 112 1 2.0 2 39.182 1 1.0 56 98 83 1
83 112 -1 4.0 5 10.0 2 1.0 70 148 31 1
84 112 -1 4.0 4 3.981 1 1.0 217 129 90 1
85 112 1 4.0 2 15.849 1 1.0 259 98 53 0
86 112 1 4.0 1 3.981 2 1.0 347 85 67 0
87 112 1 4.0 4 10.0 1 1.0 56 129 44 1
88 112 -1 2.0 1 39.182 2 1.0 49 85 54 0
89 112 -1 4.0 5 39.182 1 1.0 350 148 88 1
90 112 1 4.0 3 10.0 2 1.0 352 112 37 0
91 112 -1 4.0 5 15.849 1 1.0 53 148 85 1
92 112 1 4.0 1 6.31 1 1.0 184 85 69 0
93 112 1 4.0 4 39.182 1 1.0 248 129 60 1
94 112 -1 4.0 4 39.182 1 1.0 70 129 52 1
95 112 -1 4.0 3 39.182 1 1.0 240 112 78 0
96 112 -1 2.0 2 10.0 1 1.0 171 98 73 1
97 112 -1 2.0 1 25.119 1 1.0 103 85 36 0
98 112 -1 4.0 2 3.981 2 1.0 305 98 45 0
99 112 1 4.0 4 25.119 1 1.0 132 129 43 0
100 112 -1 4.0 5 10.0 1 1.0 116 148 65 1
101 112 1 2.0 3 39.182 1 1.0 288 112 32 1
102 112 1 4.0 4 6.31 2 1.0 61 129 42 0
103 112 -1 2.0 2 6.31 2 1.0 278 98 90 0
104 112 -1 4.0 1 10.0 1 1.0 124 85 48 0
105 112 1 2.0 4 39.182 1 1.0 111 129 50 1
106 112 1 4.0 1 25.119 1 1.0 253 85 53 0
107 112 1 2.0 4 10.0 2 1.0 252 129 43 1
108 112 -1 4.0 2 3.981 1 1.0 162 98 84 0
109 112 1 4.0 5 25.119 2 1.0 151 148 55 1
110 112 -1 4.0 1 15.849 2 1.0 260 85 43 0
111 112 -1 4.0 1 15.849 1 1.0 117 85 47 0
112 112 1 4.0 3 3.981 1 1.0 59 112 30 0
113 112 -1 4.0 1 6.31 1 1.0 134 85 83 1
114 112 1 4.0 5 3.981 2 1.0 316 148 45 1
115 112 -1 2.0 3 15.849 2 1.0 358 112 56 1
116 112 -1 2.0 2 3.981 2 1.0 8 98 62 0
117 112 1 2.0 4 6.31 1 1.0 299 129 40 0
118 112 1 4.0 5 10.0 2 1.0 347 148 76 1
119 112 -1 2.0 2 39.182 2 1.0 216 98 37 0
120 112 1 4.0 5 15.849 1 1.0 19 148 45 1
121 112 1 4.0 4 3.981 2 1.0 180 129 51 0
122 112 -1 2.0 1 3.981 1 1.0 131 85 70 0
123 112 -1 4.0 4 15.849 2 1.0 161 129 57 0
124 112 -1 2.0 1 10.0 1 1.0 320 85 75 1
125 112 -1 4.0 5 15.849 2 1.0 72 148 41 1
126 112 -1 4.0 4 39.182 2 1.0 277 129 39 1
127 112 -1 4.0 4 6.31 2 1.0 127 129 45 1
128 112 -1 4.0 3 39.182 2 1.0 113 112 39 0
129 112 -1 4.0 1 39.182 2 1.0 193 85 34 0
130 112 1 4.0 3 6.31 1 1.0 20 112 77 1
131 112 -1 2.0 1 3.981 2 1.0 227 85 52 0
132 112 -1 4.0 3 3.981 2 1.0 141 112 48 1
133 112 -1 4.0 4 15.849 1 1.0 284 129 88 1
134 112 1 2.0 2 6.31 2 1.0 139 98 60 0
135 112 1 4.0 2 25.119 1 1.0 142 98 77 1
136 112 1 4.0 5 39.182 1 1.0 342 148 74 1
137 112 1 2.0 1 39.182 2 1.0 152 85 77 0
138 112 -1 4.0 2 25.119 2 1.0 175 98 56 0
139 112 1 2.0 5 3.981 2 1.0 124 148 34 1
140 112 1 4.0 3 25.119 1 1.0 209 112 78 1
141 112 1 2.0 2 15.849 1 1.0 296 98 54 0
142 112 -1 4.0 5 25.119 2 1.0 166 148 82 1
143 112 1 4.0 4 15.849 1 1.0 295 129 78 1
144 112 -1 4.0 3 15.849 2 1.0 211 112 40 0
145 112 1 2.0 3 3.981 1 1.0 157 112 31 0
146 112 -1 2.0 3 25.119 2 1.0 118 112 65 1
147 112 1 4.0 2 10.0 1 1.0 280 98 46 0
148 112 -1 4.0 1 6.31 2 1.0 29 85 33 0
149 112 1 2.0 4 39.182 2 1.0 340 129 64 1
150 112 1 4.0 5 3.981 1 1.0 324 148 61 1
151 112 1 2.0 3 6.31 1 1.0 99 112 42 0
152 112 1 2.0 3 10.0 1 1.0 38 112 56 0
153 112 1 4.0 3 39.182 1 1.0 51 112 30 1
154 112 1 4.0 3 15.849 1 1.0 123 112 71 1
155 112 -1 2.0 2 6.31 1 1.0 326 98 82 1
156 112 1 2.0 5 39.182 2 1.0 316 148 53 1
157 112 -1 2.0 1 39.182 1 1.0 231 85 55 1
158 112 -1 2.0 3 15.849 1 1.0 74 112 37 0
159 112 -1 2.0 5 15.849 1 1.0 195 148 45 1
160 112 -1 2.0 3 39.182 2 1.0 35 112 33 0
161 112 1 2.0 4 25.119 1 1.0 79 129 78 1
162 112 -1 2.0 3 10.0 2 1.0 19 112 51 1
163 112 1 2.0 4 3.981 2 1.0 76 129 80 1
164 112 1 2.0 5 3.981 1 1.0 223 148 64 1
165 112 -1 2.0 3 3.981 1 1.0 117 112 55 0
166 112 -1 2.0 3 6.31 1 1.0 77 112 62 0
167 112 -1 2.0 3 25.119 1 1.0 204 112 73 0
168 112 -1 2.0 5 39.182 2 1.0 114 148 33 0
169 112 -1 2.0 4 3.981 2 1.0 85 129 57 1
170 112 -1 2.0 3 6.31 2 1.0 195 112 32 0
171 112 -1 4.0 2 10.0 1 1.0 102 98 70 0
172 112 -1 4.0 5 39.182 2 1.0 340 148 59 1
173 112 -1 4.0 4 6.31 1 1.0 280 129 82 1
174 112 -1 2.0 1 6.31 1 1.0 239 85 71 0
175 112 -1 2.0 5 39.182 1 1.0 148 148 47 1
176 112 -1 2.0 5 15.849 2 1.0 83 148 79 1
177 112 1 2.0 5 39.182 1 1.0 17 148 34 1
178 112 -1 2.0 3 39.182 1 1.0 197 112 39 1
179 112 -1 4.0 1 3.981 1 1.0 170 85 76 0
180 112 1 2.0 1 6.31 1 1.0 281 85 65 0
181 112 -1 2.0 1 15.849 1 1.0 225 85 80 0
182 112 1 4.0 1 39.182 1 1.0 107 85 49 0
183 112 1 4.0 4 6.31 1 1.0 32 129 60 1
184 112 1 4.0 2 3.981 1 1.0 73 98 36 1
185 112 -1 2.0 5 10.0 1 1.0 343 148 66 1
186 112 1 2.0 5 10.0 1 1.0 48 148 35 1
187 112 -1 4.0 2 39.182 1 1.0 344 98 76 0
188 112 1 2.0 2 10.0 2 1.0 190 98 69 0
189 112 -1 2.0 5 6.31 2 1.0 15 148 87 1
190 112 1 4.0 3 39.182 2 1.0 188 112 56 1
191 112 1 4.0 2 15.849 2 1.0 23 98 75 1
192 112 -1 2.0 5 25.119 2 1.0 180 148 38 1
193 112 1 4.0 4 25.119 2 1.0 139 129 50 1
194 112 -1 2.0 5 6.31 1 1.0 175 148 62 0
195 112 1 2.0 3 25.119 2 1.0 329 112 44 0
196 112 -1 4.0 3 6.31 2 1.0 105 112 32 0
197 112 -1 2.0 2 15.849 2 1.0 75 98 77 0
198 112 1 4.0 2 6.31 2 1.0 202 98 50 0
199 112 1 4.0 3 15.849 2 1.0 219 112 66 0
200 112 1 4.0 2 39.182 1 1.0 71 98 78 0
201 112 -1 4.0 3 6.31 1 1.0 281 112 78 1
202 112 1 2.0 1 10.0 1 1.0 112 85 45 0
203 112 -1 2.0 1 25.119 2 1.0 165 85 47 0
204 112 1 2.0 2 6.31 1 1.0 242 98 44 0
205 112 1 2.0 5 15.849 1 1.0 105 148 70 1
206 112 1 2.0 1 39.182 1 1.0 194 85 53 0
207 112 -1 2.0 4 10.0 2 1.0 60 129 60 1
208 112 -1 4.0 4 10.0 2 1.0 40 129 58 0
209 112 1 2.0 4 15.849 2 1.0 146 129 30 1
210 112 -1 4.0 3 15.849 1 1.0 264 112 46 1
211 112 1 4.0 3 10.0 1 1.0 123 112 45 1
212 112 1 2.0 1 6.31 2 1.0 92 85 79 1
213 112 -1 4.0 2 6.31 1 1.0 282 98 63 0
214 112 1 2.0 5 15.849 2 1.0 184 148 51 1
215 112 1 4.0 5 10.0 1 1.0 24 148 31 1
216 112 1 4.0 1 39.182 2 1.0 332 85 56 0
217 112 -1 2.0 4 15.849 1 1.0 70 129 72 1
218 112 1 4.0 3 3.981 2 1.0 36 112 88 1
219 112 1 4.0 5 6.31 2 1.0 148 148 58 1
220 112 -1 4.0 4 10.0 1 1.0 333 129 69 1
221 112 -1 2.0 1 15.849 2 1.0 96 85 31 0
222 112 1 2.0 4 6.31 2 1.0 125 129 86 1
223 112 1 2.0 1 3.981 1 1.0 33 85 90 1
224 112 1 2.0 4 15.849 1 1.0 232 129 78 1
225 112 -1 2.0 4 6.31 1 1.0 310 129 52 1
226 112 -1 4.0 5 6.31 1 1.0 242 148 72 1
227 112 1 2.0 4 25.119 2 1.0 200 129 53 1
228 112 -1 2.0 4 25.119 1 1.0 85 129 87 1
229 112 1 2.0 3 10.0 2 1.0 151 112 85 0
230 112 -1 2.0 5 10.0 2 1.0 218 148 87 1
231 112 1 4.0 4 15.849 2 1.0 141 129 73 1
232 112 1 4.0 2 39.182 2 1.0 233 98 84 1
233 112 1 2.0 3 3.981 2 1.0 343 112 59 0
234 112 1 4.0 3 6.31 2 1.0 92 112 86 0
235 112 -1 2.0 2 25.119 1 1.0 148 98 86 0
236 112 1 2.0 4 10.0 1 1.0 358 129 62 1
237 112 -1 4.0 3 25.119 2 1.0 321 112 81 1
238 112 1 4.0 3 25.119 2 1.0 85 112 70 0
239 112 -1 4.0 2 6.31 2 1.0 89 98 32 1
240 112 1 2.0 5 25.119 1 1.0 163 148 89 0
241 112 -1 2.0 4 3.981 1 1.0 82 129 32 0
242 112 -1 4.0 1 3.981 1 1.0 39 85 80 0
243 112 1 2.0 3 10.0 2 1.0 240 112 85 0
244 112 -1 4.0 5 15.849 2 1.0 183 148 61 1
245 112 1 2.0 3 39.182 2 1.0 59 112 82 1
246 112 1 4.0 2 6.31 1 1.0 345 98 74 0
247 112 -1 2.0 2 15.849 1 1.0 211 98 84 0
248 112 1 4.0 3 10.0 2 1.0 236 112 74 0
249 112 1 4.0 2 25.119 2 1.0 304 98 52 0
250 112 -1 4.0 5 3.981 1 1.0 189 148 73 1
251 112 -1 4.0 2 25.119 2 1.0 60 98 72 1
252 112 1 2.0 2 3.981 2 1.0 18 98 63 1
253 112 1 2.0 2 6.31 2 1.0 87 98 67 1
254 112 1 4.0 4 39.182 1 1.0 128 129 30 1
255 112 1 2.0 1 15.849 1 1.0 140 85 53 1
256 112 -1 4.0 3 39.182 1 1.0 332 112 65 1
257 112 -1 2.0 4 3.981 2 1.0 358 129 59 0
258 112 -1 2.0 3 15.849 1 1.0 195 112 41 0
259 112 1 2.0 5 15.849 2 1.0 205 148 79 1
260 112 -1 4.0 5 10.0 2 1.0 50 148 84 1
261 112 -1 2.0 1 3.981 1 1.0 208 85 33 0
262 112 -1 4.0 2 39.182 1 1.0 65 98 73 0
263 112 -1 4.0 2 10.0 1 1.0 353 98 34 0
264 112 1 4.0 3 25.119 2 1.0 52 112 50 0
265 112 1 4.0 1 25.119 1 1.0 342 85 68 0
266 112 -1 4.0 4 25.119 2 1.0 180 129 31 1
267 112 1 4.0 5 25.119 1 1.0 124 148 87 1
268 112 -1 4.0 5 25.119 2 1.0 318 148 46 1
269 112 1 2.0 5 39.182 2 1.0 305 148 90 1
270 112 -1 2.0 3 15.849 2 1.0 191 112 42 0
271 112 -1 2.0 4 6.31 2 1.0 7 129 87 1
272 112 1 2.0 3 15.849 2 1.0 249 112 35 1
273 112 -1 4.0 4 15.849 1 1.0 98 129 86 1
274 112 1 2.0 5 6.31 2 1.0 44 148 65 1
275 112 1 4.0 5 3.981 1 1.0 200 148 34 1
276 112 1 4.0 1 3.981 2 1.0 84 85 87 1
277 112 1 4.0 2 25.119 1 1.0 265 98 86 1
278 112 -1 2.0 2 39.182 2 1.0 328 98 67 1
279 112 1 2.0 5 25.119 2 1.0 37 148 56 1
280 112 1 2.0 2 3.981 1 1.0 26 98 39 0
281 112 1 4.0 1 10.0 1 1.0 74 85 89 0
282 112 -1 4.0 3 39.182 2 1.0 277 112 39 1
283 112 -1 2.0 5 10.0 2 1.0 227 148 55 1
284 112 1 4.0 4 10.0 2 1.0 172 129 83 0
285 112 1 2.0 5 3.981 2 1.0 11 148 43 1
286 112 -1 2.0 2 6.31 2 1.0 136 98 50 0
287 112 -1 2.0 4 6.31 1 1.0 25 129 42 1
288 112 -1 2.0 2 25.119 2 1.0 257 98 87 0
289 112 1 4.0 2 15.849 2 1.0 233 98 36 0
290 112 1 4.0 1 10.0 2 1.0 131 85 77 0
291 112 -1 4.0 5 3.981 2 1.0 273 148 52 1
292 112 -1 2.0 1 25.119 2 1.0 96 85 78 0
293 112 1 4.0 3 3.981 2 1.0 194 112 41 0
294 112 1 2.0 5 10.0 2 1.0 181 148 63 1
295 112 -1 2.0 1 39.182 1 1.0 305 85 44 0
296 112 1 2.0 1 39.182 2 1.0 343 85 69 0
297 112 -1 4.0 3 6.31 2 1.0 318 112 80 1
298 112 -1 2.0 4 25.119 1 1.0 237 129 54 1
299 112 1 4.0 3 25.119 1 1.0 205 112 84 1
300 112 -1 2.0 4 39.182 1 1.0 116 129 84 1
301 112 -1 4.0 2 39.182 2 1.0 169 98 79 1
302 112 1 2.0 3 25.119 1 1.0 222 112 74 1
303 112 1 4.0 5 3.981 2 1.0 169 148 83 0
304 112 -1 2.0 5 25.119 1 1.0 39 148 70 1
305 112 1 2.0 4 6.31 2 1.0 61 129 84 1
306 112 -1 2.0 1 10.0 1 1.0 186 85 47 0
307 112 1 2.0 4 10.0 1 1.0 292 129 62 0
308 112 1 2.0 3 3.981 2 1.0 215 112 60 0
309 112 -1 4.0 3 25.119 2 1.0 231 112 55 1
310 112 -1 2.0 2 6.31 1 1.0 118 98 58 0
311 112 -1 2.0 3 6.31 1 1.0 139 112 50 0
312 112 1 2.0 4 39.182 2 1.0 269 129 36 1
313 112 1 2.0 5 15.849 1 1.0 246 148 82 1
314 112 1 4.0 4 6.31 2 1.0 58 129 61 0
315 112 1 2.0 4 15.849 2 1.0 37 129 61 1
316 112 1 4.0 2 39.182 2 1.0 150 98 50 0
317 112 1 4.0 4 15.849 2 1.0 157 129 65 1
318 112 1 2.0 1 10.0 1 1.0 11 85 55 0
319 112 -1 2.0 5 6.31 1 1.0 29 148 36 0
320 112 -1 2.0 4 10.0 1 1.0 231 129 87 1
321 112 -1 4.0 5 39.182 1 1.0 207 148 62 1
322 112 -1 2.0 5 39.182 2 1.0 124 148 62 1
323 112 1 4.0 4 25.119 2 1.0 135 129 33 1
324 112 1 4.0 3 10.0 1 1.0 125 112 72 1
325 112 -1 2.0 1 25.119 1 1.0 110 85 68 0
326 112 -1 2.0 3 6.31 2 1.0 73 112 77 1
327 112 -1 2.0 4 39.182 2 1.0 268 129 64 1
328 112 1 4.0 3 39.182 1 1.0 357 112 82 0
329 112 1 2.0 3 39.182 1 1.0 138 112 38 0
330 112 1 4.0 1 25.119 2 1.0 263 85 80 0
331 112 -1 2.0 1 6.31 1 1.0 294 85 62 0
332 112 1 2.0 3 6.31 1 1.0 79 112 84 0
333 112 -1 2.0 1 39.182 2 1.0 124 85 56 0
334 112 1 2.0 1 3.981 1 1.0 322 85 84 0
335 112 -1 2.0 3 25.119 2 1.0 92 112 87 1
336 112 1 4.0 3 6.31 1 1.0 210 112 68 0
337 112 -1 2.0 2 10.0 1 1.0 80 98 71 0
338 112 -1 2.0 2 25.119 1 1.0 353 98 82 1
339 112 -1 2.0 5 15.849 1 1.0 116 148 31 1
340 112 1 4.0 3 15.849 2 1.0 149 112 82 1
341 112 1 2.0 2 10.0 1 1.0 70 98 30 0
342 112 1 2.0 4 25.119 1 1.0 236 129 59 1
343 112 1 2.0 2 39.182 1 1.0 179 98 38 0
344 112 1 2.0 3 3.981 1 1.0 100 112 51 0
345 112 -1 4.0 3 25.119 1 1.0 320 112 45 0
346 112 1 2.0 5 10.0 1 1.0 229 148 58 1
347 112 1 4.0 1 6.31 1 1.0 288 85 75 0
348 112 -1 4.0 4 3.981 2 1.0 17 129 75 0
349 112 1 4.0 2 15.849 1 1.0 52 98 51 0
350 112 -1 4.0 4 10.0 1 1.0 202 129 79 0
351 112 1 4.0 3 15.849 1 1.0 15 112 47 0
352 112 -1 2.0 1 15.849 2 1.0 325 85 65 0
353 112 -1 2.0 2 3.981 2 1.0 164 98 90 1
354 112 1 4.0 4 10.0 1 1.0 191 129 57 1
355 112 -1 2.0 4 15.849 2 1.0 163 129 86 1
356 112 -1 4.0 4 6.31 1 1.0 32 129 61 0
357 112 1 2.0 4 3.981 2 1.0 313 129 78 0
358 112 -1 4.0 1 6.31 2 1.0 235 85 77 0
359 112 1 4.0 2 3.981 1 1.0 64 98 83 0
360 112 -1 4.0 5 15.849 1 1.0 221 148 68 1
361 112 -1 4.0 5 25.119 1 1.0 238 148 51 1
362 112 -1 2.0 2 39.182 1 1.0 73 98 89 1
363 112 -1 4.0 1 3.981 2 1.0 340 85 34 0
364 112 -1 4.0 4 39.182 2 1.0 151 129 61 1
365 112 -1 2.0 3 39.182 2 1.0 208 112 70 1
366 112 -1 2.0 5 15.849 2 1.0 225 148 67 1
367 112 1 4.0 2 6.31 2 1.0 338 98 76 0
368 112 1 2.0 1 6.31 1 1.0 202 85 51 0
369 112 -1 4.0 2 15.849 2 1.0 117 98 41 0
370 112 1 2.0 2 10.0 2 1.0 334 98 42 1
371 112 -1 2.0 2 10.0 2 1.0 208 98 48 1
372 112 1 2.0 4 39.182 1 1.0 65 129 60 0
373 112 -1 4.0 3 10.0 1 1.0 82 112 42 0
374 112 1 2.0 1 6.31 2 1.0 225 85 30 0
375 112 1 2.0 4 15.849 1 1.0 288 129 69 1
376 112 1 4.0 4 3.981 1 1.0 191 129 79 0
377 112 1 4.0 4 25.119 1 1.0 332 129 45 1
378 112 -1 4.0 4 6.31 2 1.0 334 129 36 0
379 112 1 4.0 2 3.981 2 1.0 61 98 56 1
380 112 1 4.0 2 10.0 2 1.0 78 98 61 1
381 112 1 4.0 3 3.981 1 1.0 15 112 30 0
382 112 1 2.0 5 6.31 1 1.0 132 148 75 1
383 112 1 2.0 3 15.849 1 1.0 110 112 59 1
384 112 -1 2.0 5 3.981 2 1.0 281 148 90 1
385 112 -1 2.0 3 10.0 1 1.0 108 112 50 1
386 112 1 2.0 2 15.849 2 1.0 292 98 75 1
387 112 -1 4.0 3 10.0 2 1.0 52 112 73 1
388 112 -1 2.0 5 3.981 1 1.0 285 148 62 1
389 112 -1 2.0 4 15.849 1 1.0 39 129 65 1
390 112 1 2.0 1 15.849 2 1.0 143 85 58 0
391 112 -1 2.0 3 25.119 1 1.0 235 112 39 0
392 112 -1 4.0 1 39.182 2 1.0 109 85 69 0
393 112 1 2.0 1 25.119 1 1.0 332 85 53 0
394 112 -1 4.0 5 6.31 1 1.0 287 148 44 1
395 112 1 4.0 5 15.849 1 1.0 339 148 63 1
396 112 1 2.0 5 3.981 1 1.0 348 148 39 0
397 112 1 4.0 4 39.182 2 1.0 46 129 70 1
398 112 -1 4.0 4 10.0 2 1.0 71 129 84 0
399 112 -1 4.0 5 39.182 2 1.0 120 148 78 0
400 112 -1 4.0 3 6.31 1 1.0 127 112 51 0
401 112 -1 4.0 1 25.119 1 1.0 117 85 54 0
402 112 -1 4.0 1 10.0 2 1.0 108 85 65 1
403 112 -1 4.0 2 15.849 1 1.0 4 98 41 0
404 112 -1 4.0 1 25.119 2 1.0 211 85 58 0
405 112 -1 4.0 2 3.981 1 1.0 122 98 78 1
406 112 -1 2.0 2 15.849 2 1.0 94 98 74 0
407 112 -1 2.0 5 25.119 2 1.0 291 148 51 1
408 112 -1 2.0 1 6.31 2 1.0 153 85 49 1
409 112 1 2.0 2 25.119 1 1.0 14 98 48 0
410 112 -1 2.0 4 25.119 2 1.0 93 129 74 1
411 112 1 4.0 5 6.31 1 1.0 245 148 37 1
412 112 1 4.0 4 6.31 1 1.0 91 129 80 1
413 112 1 4.0 5 6.31 2 1.0 5 148 69 1
414 112 1 4.0 1 3.981 1 1.0 57 85 49 0
415 112 1 4.0 4 15.849 1 1.0 316 129 46 1
416 112 -1 4.0 1 15.849 1 1.0 190 85 80 0
417 112 -1 2.0 3 10.0 2 1.0 261 112 42 1
418 112 -1 4.0 4 39.182 1 1.0 149 129 81 1
419 112 1 2.0 1 25.119 2 1.0 286 85 82 0
420 112 -1 4.0 4 15.849 2 1.0 192 129 38 1
421 112 1 2.0 3 6.31 2 1.0 102 112 73 1
422 112 -1 4.0 2 6.31 1 1.0 355 98 39 0
423 112 1 2.0 2 6.31 1 1.0 204 98 57 1
424 112 1 4.0 1 39.182 2 1.0 221 85 74 1
425 112 1 4.0 5 25.119 2 1.0 254 148 37 1
426 112 1 2.0 5 39.182 1 1.0 202 148 62 1
427 112 1 4.0 2 39.182 1 1.0 78 98 54 0
428 112 -1 2.0 5 6.31 2 1.0 86 148 37 1
429 112 -1 4.0 3 3.981 1 1.0 185 112 44 0
430 112 1 2.0 3 10.0 1 1.0 280 112 42 0
431 112 1 2.0 5 25.119 1 1.0 149 148 80 1
432 112 1 4.0 1 39.182 1 1.0 185 85 65 1
433 112 1 4.0 3 39.182 2 1.0 232 112 46 0
434 112 -1 2.0 3 3.981 2 1.0 57 112 41 1
435 112 1 4.0 5 10.0 1 1.0 0 148 72 1
436 112 1 4.0 5 15.849 2 1.0 107 148 78 1
437 112 1 4.0 2 10.0 1 1.0 167 98 65 0
438 112 -1 2.0 5 39.182 1 1.0 135 148 67 1
439 112 1 2.0 1 10.0 2 1.0 201 85 42 1
440 112 -1 4.0 3 3.981 2 1.0 287 112 44 0
441 112 1 4.0 4 3.981 2 1.0 145 129 47 0
442 112 -1 2.0 1 3.981 2 1.0 221 85 69 0
443 112 1 2.0 4 3.981 1 1.0 43 129 71 1
444 112 1 2.0 2 15.849 1 1.0 212 98 51 0
445 112 -1 4.0 2 25.119 1 1.0 22 98 74 0
446 112 -1 2.0 2 3.981 1 1.0 224 98 47 0
447 112 -1 4.0 1 10.0 1 1.0 305 85 47 0
448 112 -1 4.0 2 3.981 2 1.0 76 98 87 0
449 112 1 2.0 4 25.119 2 1.0 299 129 56 1
450 112 -1 2.0 3 3.981 1 1.0 147 112 32 0
451 112 -1 4.0 3 15.849 1 1.0 36 112 57 1
452 112 1 2.0 3 25.119 2 1.0 95 112 78 1
453 112 1 4.0 3 6.31 2 1.0 340 112 36 1
454 112 -1 4.0 4 25.119 1 1.0 73 129 85 1
455 112 1 4.0 1 15.849 1 1.0 16 85 55 0
456 112 -1 2.0 1 15.849 1 1.0 321 85 73 0
457 112 -1 4.0 3 15.849 2 1.0 85 112 54 1
458 112 -1 4.0 5 10.0 1 1.0 166 148 68 1
459 112 -1 2.0 5 10.0 1 1.0 100 148 63 1
460 112 1 4.0 5 39.182 1 1.0 198 148 51 1
461 112 -1 4.0 1 39.182 1 1.0 157 85 49 0
462 112 1 4.0 5 39.182 2 1.0 319 148 59 1
463 112 1 2.0 2 39.182 2 1.0 195 98 76 1
464 112 -1 4.0 5 6.31 2 1.0 100 148 77 1
465 112 -1 4.0 2 10.0 2 1.0 16 98 53 1
466 112 1 4.0 1 6.31 2 1.0 185 85 56 0
467 112 1 2.0 1 3.981 2 1.0 319 85 39 0
468 112 1 2.0 4 10.0 2 1.0 273 129 53 1
469 112 -1 4.0 2 6.31 2 1.0 124 98 61 0
470 112 -1 2.0 1 10.0 2 1.0 78 85 56 0
471 112 -1 4.0 1 6.31 1 1.0 97 85 53 0
472 112 -1 4.0 4 3.981 1 1.0 333 129 66 1
473 112 -1 4.0 1 15.849 2 1.0 86 85 61 0
474 112 -1 2.0 4 10.0 2 1.0 27 129 56 1
475 112 1 4.0 5 10.0 2 1.0 225 148 42 1
476 112 1 2.0 2 25.119 2 1.0 85 98 55 0
477 112 1 2.0 1 39.182 1 1.0 214 85 83 1
478 112 1 2.0 4 6.31 1 1.0 228 129 50 1
479 112 1 4.0 1 15.849 2 1.0 333 85 37 0
480 112 -1 2.0 3 39.182 1 1.0 46 112 85 1
