trial durationTest direction radius durationComparison speed number size iniAngle1 durComp onset response
1 56 -1 4.0 1 3.981 1 1.0 30 43 40 0
2 56 1 4.0 1 25.119 1 1.0 95 43 71 0
3 56 -1 2.0 4 39.182 2 1.0 316 65 80 1
4 56 -1 4.0 1 10.0 1 1.0 146 43 59 0
5 56 -1 4.0 5 15.849 2 1.0 335 74 49 1
6 56 -1 2.0 3 15.849 1 1.0 63 56 57 1
7 56 -1 2.0 3 10.0 2 1.0 207 56 72 1
8 56 1 2.0 1 6.31 2 1.0 289 43 82 1
9 56 1 2.0 3 15.849 2 1.0 242 56 58 1
10 56 1 4.0 4 25.119 2 1.0 335 65 80 1
11 56 -1 2.0 2 3.981 2 1.0 10 49 72 1
12 56 -1 2.0 1 15.849 2 1.0 330 43 82 1
13 56 1 4.0 4 6.31 1 1.0 220 65 63 1
14 56 1 2.0 4 39.182 1 1.0 165 65 37 0
15 56 1 2.0 2 25.119 2 1.0 19 49 52 0
16 56 1 4.0 2 10.0 2 1.0 285 49 83 0
17 56 -1 4.0 5 39.182 2 1.0 47 74 79 1
18 56 1 4.0 1 6.31 2 1.0 341 43 40 0
19 56 -1 2.0 4 3.981 2 1.0 318 65 45 0
20 56 1 4.0 1 3.981 2 1.0 250 43 82 0
21 56 1 2.0 3 3.981 2 1.0 322 56 37 0
22 56 1 2.0 4 3.981 2 1.0 185 65 49 1
23 56 -1 2.0 1 3.981 1 1.0 165 43 89 0
24 56 -1 4.0 3 6.31 1 1.0 33 56 66 1
25 56 -1 2.0 1 25.119 2 1.0 229 43 63 0
26 56 1 4.0 5 3.981 1 1.0 60 74 67 1
27 56 -1 4.0 2 3.981 1 1.0 67 49 76 1
28 56 -1 2.0 5 10.0 2 1.0 302 74 41 0
29 56 -1 2.0 2 6.31 2 1.0 290 49 90 1
30 56 -1 4.0 5 39.182 1 1.0 314 74 31 1
31 56 -1 4.0 3 25.119 2 1.0 294 56 60 0
32 56 -1 2.0 4 15.849 1 1.0 271 65 51 1
33 56 1 2.0 3 10.0 2 1.0 187 56 88 1
34 56 1 2.0 1 6.31 1 1.0 202 43 83 1
35 56 1 2.0 4 15.849 2 1.0 131 65 64 1
36 56 1 4.0 5 6.31 2 1.0 227 74 42 1
37 56 -1 2.0 2 6.31 1 1.0 71 49 51 0
38 56 -1 4.0 3 15.849 1 1.0 198 56 89 0
39 56 1 4.0 3 6.31 2 1.0 201 56 66 1
40 56 1 2.0 5 39.182 2 1.0 347 74 46 1
41 56 1 4.0 3 10.0 2 1.0 89 56 37 0
42 56 1 2.0 1 3.981 2 1.0 204 43 83 0
43 56 1 4.0 2 25.119 1 1.0 155 49 35 0
44 56 1 2.0 5 6.31 2 1.0 98 74 79 1
45 56 1 2.0 3 39.182 1 1.0 31 56 55 0
46 56 1 4.0 4 3.981 1 1.0 223 65 77 1
47 56 1 2.0 2 10.0 2 1.0 226 49 51 0
48 56 1 2.0 3 25.119 1 1.0 66 56 87 1
49 56 1 2.0 4 15.849 1 1.0 86 65 32 1
50 56 -1 2.0 4 6.31 2 1.0 208 65 58 0
51 56 1 4.0 5 25.119 1 1.0 235 74 70 1
52 56 -1 4.0 3 39.182 2 1.0 116 56 49 1
53 56 1 2.0 1 39.182 1 1.0 138 43 87 0
54 56 1 2.0 1 10.0 2 1.0 127 43 48 0
55 56 -1 2.0 1 10.0 2 1.0 299 43 78 0
56 56 1 4.0 2 25.119 2 1.0 194 49 71 0
57 56 1 4.0 1 39.182 2 1.0 59 43 47 0
58 56 -1 2.0 3 39.182 1 1.0 311 56 89 1
59 56 -1 2.0 4 39.182 1 1.0 41 65 89 1
60 56 -1 4.0 1 15.849 1 1.0 128 43 87 1
61 56 1 4.0 4 39.182 1 1.0 323 65 82 1
62 56 1 2.0 5 39.182 1 1.0 276 74 64 1
63 56 1 4.0 2 15.849 2 1.0 79 49 77 0
64 56 -1 4.0 1 10.0 2 1.0 223 43 79 0
65 56 1 4.0 2 3.981 1 1.0 20 49 43 0
66 56 -1 2.0 1 6.31 1 1.0 318 43 46 0
67 56 1 4.0 4 15.849 1 1.0 346 65 63 0
68 56 -1 2.0 4 10.0 1 1.0 260 65 75 1
69 56 1 4.0 4 39.182 2 1.0 185 65 67 1
70 56 -1 4.0 4 6.31 2 1.0 220 65 32 0
71 56 1 4.0 3 6.31 1 1.0 76 56 80 1
72 56 -1 2.0 5 15.849 2 1.0 158 74 50 1
73 56 1 4.0 2 3.981 2 1.0 260 49 69 0
74 56 1 4.0 5 10.0 1 1.0 190 74 49 1
75 56 -1 4.0 5 6.31 1 1.0 132 74 60 1
76 56 -1 2.0 2 10.0 2 1.0 122 49 61 1
77 56 1 4.0 3 25.119 2 1.0 181 56 38 0
78 56 -1 2.0 3 10.0 1 1.0 116 56 75 1
79 56 -1 2.0 3 25.119 1 1.0 205 56 54 1
80 56 -1 2.0 1 3.981 2 1.0 298 43 80 0
81 56 1 4.0 4 10.0 2 1.0 57 65 81 0
82 56 1 2.0 4 6.31 2 1.0 146 65 71 1
83 56 1 2.0 5 10.0 1 1.0 241 74 82 1
84 56 -1 2.0 5 3.981 1 1.0 256 74 39 0
85 56 -1 4.0 1 39.182 1 1.0 144 43 33 0
86 56 -1 4.0 1 6.31 2 1.0 37 43 54 0
87 56 -1 2.0 3 15.849 2 1.0 148 56 88 1
88 56 -1 4.0 5 3.981 1 1.0 245 74 38 1
89 56 1 2.0 1 15.849 2 1.0 161 43 61 1
90 56 1 4.0 3 39.182 2 1.0 137 56 68 1
91 56 -1 4.0 4 6.31 1 1.0 176 65 42 0
92 56 -1 4.0 2 3.981 2 1.0 46 49 75 0
93 56 1 4.0 1 3.981 1 1.0 263 43 71 0
94 56 -1 2.0 5 25.119 1 1.0 299 74 61 1
95 56 1 2.0 5 3.981 1 1.0 19 74 34 1
96 56 -1 2.0 4 25.119 1 1.0 293 65 51 1
97 56 -1 4.0 1 25.119 1 1.0 333 43 66 1
98 56 -1 2.0 3 25.119 2 1.0 182 56 86 0
99 56 1 4.0 5 39.182 1 1.0 287 74 80 1
100 56 -1 2.0 2 25.119 2 1.0 164 49 80 1
101 56 -1 2.0 3 6.31 1 1.0 201 56 47 0
102 56 -1 2.0 2 10.0 1 1.0 87 49 65 0
103 56 -1 4.0 5 10.0 1 1.0 154 74 54 1
104 56 1 2.0 5 6.31 1 1.0 323 74 75 1
105 56 -1 2.0 4 15.849 2 1.0 88 65 72 1
106 56 -1 4.0 2 6.31 2 1.0 58 49 59 0
107 56 1 4.0 3 39.182 1 1.0 197 56 35 1
108 56 -1 2.0 1 6.31 2 1.0 226 43 54 0
109 56 1 4.0 3 25.119 1 1.0 108 56 36 0
110 56 -1 2.0 2 39.182 2 1.0 305 49 32 0
111 56 -1 4.0 5 6.31 2 1.0 195 74 82 1
112 56 -1 4.0 3 10.0 2 1.0 27 56 41 0
113 56 -1 4.0 4 15.849 2 1.0 110 65 34 0
114 56 -1 2.0 5 6.31 2 1.0 351 74 62 1
115 56 1 4.0 4 3.981 2 1.0 22 65 77 1
116 56 1 2.0 3 3.981 1 1.0 210 56 68 0
117 56 1 4.0 4 15.849 2 1.0 317 65 88 1
118 56 1 4.0 5 3.981 2 1.0 334 74 77 1
119 56 -1 4.0 3 39.182 1 1.0 87 56 89 1
120 56 1 2.0 4 10.0 2 1.0 22 65 50 0
121 56 -1 4.0 2 10.0 1 1.0 256 49 52 0
122 56 1 4.0 4 10.0 1 1.0 9 65 76 1
123 56 -1 4.0 2 15.849 1 1.0 331 49 61 0
124 56 -1 4.0 5 10.0 2 1.0 239 74 64 1
125 56 1 4.0 4 6.31 2 1.0 212 65 59 0
126 56 -1 4.0 4 15.849 1 1.0 60 65 46 0
127 56 1 2.0 2 6.31 1 1.0 144 49 80 1
128 56 1 2.0 1 3.981 1 1.0 173 43 88 0
129 56 -1 4.0 3 15.849 2 1.0 94 56 73 1
130 56 -1 4.0 2 39.182 1 1.0 58 49 35 0
131 56 1 2.0 4 25.119 1 1.0 239 65 90 1
132 56 1 2.0 1 39.182 2 1.0 314 43 62 0
133 56 1 4.0 1 15.849 1 1.0 310 43 53 0
134 56 1 4.0 2 6.31 1 1.0 286 49 62 0
135 56 1 2.0 5 15.849 1 1.0 82 74 78 1
136 56 -1 2.0 2 3.981 1 1.0 98 49 85 1
137 56 1 2.0 5 10.0 2 1.0 356 74 82 1
138 56 1 2.0 5 25.119 2 1.0 136 74 60 1
139 56 1 4.0 5 25.119 2 1.0 79 74 77 1
140 56 -1 2.0 3 6.31 2 1.0 281 56 33 0
141 56 1 4.0 2 39.182 1 1.0 87 49 82 0
142 56 1 2.0 2 6.31 2 1.0 147 49 33 0
143 56 1 2.0 3 39.182 2 1.0 182 56 39 1
144 56 1 4.0 2 15.849 1 1.0 348 49 68 0
145 56 -1 4.0 3 3.981 1 1.0 90 56 45 0
146 56 1 4.0 3 3.981 2 1.0 95 56 89 1
147 56 1 2.0 2 39.182 2 1.0 143 49 67 0
148 56 -1 4.0 2 6.31 1 1.0 102 49 48 0
149 56 1 4.0 2 39.182 2 1.0 60 49 49 0
150 56 -1 4.0 2 25.119 2 1.0 128 49 78 0
151 56 1 2.0 3 15.849 1 1.0 132 56 67 1
152 56 -1 4.0 4 39.182 1 1.0 233 65 59 1
153 56 -1 4.0 1 15.849 2 1.0 196 43 55 0
154 56 1 4.0 2 10.0 1 1.0 350 49 89 0
155 56 1 2.0 3 6.31 1 1.0 16 56 50 0
156 56 1 4.0 4 25.119 1 1.0 272 65 77 1
157 56 1 2.0 2 15.849 1 1.0 220 49 40 0
158 56 -1 4.0 1 3.981 2 1.0 192 43 35 0
159 56 -1 2.0 2 15.849 2 1.0 324 49 81 1
160 56 -1 4.0 4 10.0 2 1.0 93 65 59 1
161 56 1 2.0 4 6.31 1 1.0 128 65 58 1
162 56 -1 4.0 3 10.0 1 1.0 215 56 71 1
163 56 -1 4.0 5 3.981 2 1.0 18 74 32 0
164 56 -1 4.0 1 25.119 2 1.0 10 43 57 0
165 56 1 4.0 1 15.849 2 1.0 189 43 40 0
166 56 1 2.0 2 10.0 1 1.0 200 49 87 1
167 56 1 4.0 5 10.0 2 1.0 182 74 49 1
168 56 -1 2.0 5 10.0 1 1.0 9 74 81 1
169 56 -1 4.0 2 10.0 2 1.0 108 49 84 1
170 56 -1 2.0 5 3.981 2 1.0 226 74 65 1
171 56 -1 2.0 4 10.0 2 1.0 269 65 58 1
172 56 1 4.0 5 39.182 2 1.0 266 74 43 1
173 56 1 2.0 2 39.182 1 1.0 52 49 63 0
174 56 1 2.0 1 25.119 2 1.0 94 43 61 0
175 56 -1 4.0 4 3.981 1 1.0 329 65 77 0
176 56 -1 4.0 3 3.981 2 1.0 104 56 36 0
177 56 -1 4.0 4 25.119 1 1.0 176 65 66 0
178 56 1 4.0 1 25.119 2 1.0 338 43 36 0
179 56 -1 2.0 2 15.849 1 1.0 306 49 85 1
180 56 -1 2.0 2 25.119 1 1.0 217 49 48 0
181 56 1 4.0 1 6.31 1 1.0 350 43 59 0
182 56 1 4.0 1 10.0 2 1.0 196 43 73 0
183 56 -1 4.0 2 39.182 2 1.0 148 49 42 0
184 56 -1 4.0 5 15.849 1 1.0 266 74 77 1
185 56 1 2.0 4 39.182 2 1.0 316 65 70 1
186 56 1 4.0 1 10.0 1 1.0 67 43 76 0
187 56 -1 4.0 3 6.31 2 1.0 118 56 85 0
188 56 -1 2.0 1 39.182 1 1.0 71 43 77 0
189 56 1 2.0 3 25.119 2 1.0 243 56 61 0
190 56 1 2.0 2 25.119 1 1.0 59 49 82 1
191 56 -1 2.0 1 25.119 1 1.0 66 43 34 0
192 56 1 2.0 5 15.849 2 1.0 219 74 60 1
193 56 -1 2.0 5 15.849 1 1.0 48 74 65 1
194 56 -1 4.0 3 25.119 1 1.0 344 56 66 1
195 56 -1 4.0 4 39.182 2 1.0 197 65 83 1
196 56 1 2.0 3 6.31 2 1.0 175 56 47 0
197 56 -1 4.0 4 10.0 1 1.0 87 65 58 1
198 56 -1 2.0 3 3.981 1 1.0 340 56 43 0
199 56 -1 4.0 1 39.182 2 1.0 264 43 64 0
200 56 -1 2.0 3 39.182 2 1.0 288 56 61 1
201 56 1 2.0 4 3.981 1 1.0 270 65 86 1
202 56 -1 2.0 4 6.31 1 1.0 14 65 70 1
203 56 1 4.0 5 6.31 1 1.0 45 74 60 1
204 56 -1 4.0 5 25.119 1 1.0 240 74 66 1
205 56 1 2.0 4 10.0 1 1.0 186 65 38 1
206 56 -1 2.0 1 15.849 1 1.0 14 43 52 0
207 56 1 4.0 3 10.0 1 1.0 190 56 90 1
208 56 -1 4.0 2 25.119 1 1.0 352 49 78 1
209 56 1 2.0 5 25.119 1 1.0 310 74 79 1
210 56 1 4.0 5 15.849 2 1.0 173 74 69 1
211 56 -1 4.0 1 6.31 1 1.0 189 43 71 0
212 56 1 2.0 3 10.0 1 1.0 33 56 88 0
213 56 -1 4.0 5 25.119 2 1.0 101 74 32 0
214 56 1 2.0 2 15.849 2 1.0 265 49 75 0
215 56 1 2.0 4 25.119 2 1.0 144 65 50 0
216 56 -1 2.0 1 10.0 1 1.0 247 43 87 0
217 56 -1 4.0 4 25.119 2 1.0 322 65 62 1
218 56 1 2.0 5 3.981 2 1.0 44 74 35 1
219 56 -1 2.0 4 3.981 1 1.0 32 65 45 0
220 56 1 4.0 2 6.31 2 1.0 182 49 77 0
221 56 -1 2.0 5 39.182 1 1.0 80 74 49 1
222 56 1 4.0 1 39.182 1 1.0 174 43 84 0
223 56 -1 2.0 3 3.981 2 1.0 167 56 69 1
224 56 -1 2.0 4 25.119 2 1.0 284 65 44 1
225 56 -1 2.0 5 6.31 1 1.0 113 74 75 1
226 56 -1 2.0 5 25.119 2 1.0 94 74 59 1
227 56 -1 4.0 2 15.849 2 1.0 8 49 60 0
228 56 1 4.0 5 15.849 1 1.0 337 74 59 1
229 56 1 2.0 1 25.119 1 1.0 211 43 52 0
230 56 1 4.0 3 15.849 1 1.0 281 56 79 1
231 56 1 2.0 1 10.0 1 1.0 38 43 50 0
232 56 1 2.0 2 3.981 2 1.0 258 49 55 1
233 56 -1 4.0 4 3.981 2 1.0 262 65 43 0
234 56 1 4.0 3 3.981 1 1.0 126 56 59 1
235 56 1 2.0 1 15.849 1 1.0 125 43 76 0
236 56 -1 2.0 5 39.182 2 1.0 177 74 32 1
237 56 -1 2.0 2 39.182 1 1.0 97 49 51 0
238 56 -1 2.0 1 39.182 2 1.0 256 43 89 0
239 56 1 2.0 2 3.981 1 1.0 242 49 63 0
240 56 1 4.0 3 15.849 2 1.0 209 56 37 0
241 56 -1 2.0 5 15.849 2 1.0 177 74 79 1
242 56 1 4.0 5 15.849 1 1.0 276 74 63 1
243 56 1 2.0 1 3.981 2 1.0 44 43 46 0
244 56 1 2.0 4 15.849 2 1.0 260 65 38 1
245 56 -1 2.0 5 39.182 2 1.0 189 74 88 1
246 56 -1 2.0 4 6.31 2 1.0 87 65 52 0
247 56 -1 4.0 3 6.31 1 1.0 3 56 62 0
248 56 -1 2.0 2 39.182 2 1.0 168 49 43 0
249 56 -1 4.0 4 15.849 1 1.0 114 65 42 1
250 56 -1 4.0 1 25.119 1 1.0 353 43 76 1
251 56 -1 2.0 3 15.849 2 1.0 18 56 32 0
252 56 -1 4.0 2 10.0 1 1.0 345 49 82 1
253 56 1 2.0 5 6.31 1 1.0 58 74 51 0
254 56 -1 4.0 1 39.182 2 1.0 206 43 37 0
255 56 1 2.0 1 15.849 2 1.0 66 43 31 0
256 56 1 4.0 3 10.0 1 1.0 85 56 34 0
257 56 -1 4.0 3 25.119 1 1.0 59 56 51 0
258 56 1 4.0 2 10.0 1 1.0 220 49 56 0
259 56 -1 4.0 4 25.119 1 1.0 267 65 88 1
260 56 1 2.0 4 6.31 2 1.0 83 65 68 1
261 56 1 4.0 1 3.981 1 1.0 113 43 62 0
262 56 1 4.0 5 39.182 2 1.0 274 74 59 1
263 56 -1 4.0 5 15.849 1 1.0 38 74 41 0
264 56 -1 2.0 3 15.849 1 1.0 25 56 34 1
265 56 -1 2.0 5 3.981 2 1.0 57 74 47 0
266 56 -1 2.0 5 6.31 2 1.0 153 74 50 1
267 56 1 4.0 4 3.981 2 1.0 240 65 69 1
268 56 1 2.0 4 10.0 1 1.0 84 65 77 1
269 56 -1 2.0 4 39.182 2 1.0 235 65 35 0
270 56 -1 4.0 3 10.0 2 1.0 52 56 48 1
271 56 -1 4.0 5 10.0 2 1.0 165 74 78 1
272 56 -1 2.0 4 10.0 2 1.0 72 65 48 1
273 56 -1 4.0 2 15.849 2 1.0 357 49 51 0
274 56 -1 4.0 1 3.981 2 1.0 151 43 77 0
275 56 1 2.0 5 25.119 2 1.0 227 74 42 1
276 56 -1 4.0 5 6.31 2 1.0 235 74 56 1
277 56 -1 4.0 3 3.981 1 1.0 233 56 87 1
278 56 -1 4.0 2 10.0 2 1.0 45 49 51 0
279 56 -1 2.0 5 15.849 1 1.0 208 74 39 0
280 56 1 4.0 3 3.981 1 1.0 82 56 43 0
281 56 1 2.0 2 15.849 1 1.0 67 49 90 0
282 56 -1 4.0 5 10.0 1 1.0 98 74 61 1
283 56 1 2.0 2 39.182 1 1.0 7 49 88 1
284 56 1 4.0 4 10.0 2 1.0 256 65 45 0
285 56 1 2.0 1 15.849 1 1.0 86 43 77 0
286 56 -1 2.0 2 39.182 1 1.0 215 49 71 0
287 56 -1 4.0 1 10.0 1 1.0 347 43 74 0
288 56 -1 2.0 3 6.31 1 1.0 229 56 72 1
289 56 1 4.0 1 25.119 1 1.0 169 43 84 1
290 56 1 2.0 5 6.31 2 1.0 96 74 69 0
291 56 -1 4.0 2 3.981 2 1.0 110 49 53 0
292 56 1 4.0 4 6.31 1 1.0 246 65 37 1
293 56 -1 4.0 5 15.849 2 1.0 303 74 47 1
294 56 1 2.0 1 10.0 1 1.0 281 43 53 0
295 56 1 4.0 3 15.849 2 1.0 98 56 64 1
296 56 1 2.0 3 39.182 1 1.0 328 56 37 1
297 56 -1 2.0 2 25.119 2 1.0 320 49 88 1
298 56 1 2.0 2 3.981 1 1.0 217 49 73 1
299 56 1 2.0 4 10.0 2 1.0 130 65 45 0
300 56 -1 4.0 5 25.119 2 1.0 70 74 31 1
301 56 1 4.0 1 15.849 1 1.0 66 43 59 0
302 56 -1 4.0 1 10.0 2 1.0 144 43 79 0
303 56 1 2.0 2 25.119 2 1.0 294 49 43 0
304 56 1 2.0 1 10.0 2 1.0 0 43 40 0
305 56 -1 2.0 5 25.119 1 1.0 229 74 35 1
306 56 -1 2.0 1 3.981 1 1.0 322 43 84 1
307 56 1 2.0 2 6.31 1 1.0 355 49 51 0
308 56 -1 4.0 3 10.0 1 1.0 151 56 58 1
309 56 1 4.0 3 6.31 1 1.0 132 56 33 1
310 56 -1 2.0 5 39.182 1 1.0 70 74 79 1
311 56 -1 2.0 2 10.0 1 1.0 148 49 72 1
312 56 1 2.0 5 15.849 1 1.0 147 74 84 1
313 56 1 4.0 3 25.119 1 1.0 73 56 49 0
314 56 1 2.0 4 15.849 1 1.0 125 65 33 0
315 56 -1 4.0 2 15.849 1 1.0 307 49 60 0
316 56 1 4.0 2 25.119 1 1.0 166 49 66 1
317 56 1 2.0 3 15.849 2 1.0 243 56 88 1
318 56 1 2.0 2 15.849 2 1.0 212 49 36 0
319 56 1 2.0 3 15.849 1 1.0 259 56 84 0
320 56 1 2.0 1 39.182 2 1.0 119 43 60 0
321 56 1 4.0 5 39.182 1 1.0 79 74 44 1
322 56 -1 2.0 1 10.0 2 1.0 57 43 60 0
323 56 -1 4.0 4 6.31 2 1.0 13 65 84 1
324 56 -1 2.0 3 39.182 1 1.0 88 56 50 0
325 56 1 2.0 3 10.0 1 1.0 193 56 80 0
326 56 -1 2.0 1 10.0 1 1.0 212 43 63 0
327 56 1 2.0 3 25.119 2 1.0 18 56 80 0
328 56 1 4.0 4 25.119 1 1.0 54 65 68 1
329 56 -1 2.0 1 39.182 2 1.0 11 43 37 0
330 56 -1 2.0 4 3.981 2 1.0 131 65 48 1
331 56 -1 4.0 1 15.849 2 1.0 79 43 84 1
332 56 -1 2.0 3 3.981 1 1.0 98 56 87 0
333 56 1 2.0 5 10.0 2 1.0 74 74 86 1
334 56 -1 2.0 2 6.31 1 1.0 257 49 39 0
335 56 -1 4.0 2 6.31 2 1.0 331 49 46 0
336 56 1 2.0 1 3.981 1 1.0 232 43 45 0
337 56 1 4.0 2 25.119 2 1.0 186 49 87 0
338 56 -1 4.0 3 25.119 2 1.0 280 56 71 1
339 56 1 4.0 5 25.119 2 1.0 102 74 40 1
340 56 -1 2.0 2 25.119 1 1.0 134 49 33 0
341 56 -1 4.0 1 6.31 1 1.0 62 43 78 0
342 56 -1 2.0 5 6.31 1 1.0 67 74 56 1
343 56 1 2.0 3 6.31 2 1.0 331 56 70 1
344 56 1 4.0 1 10.0 2 1.0 30 43 48 0
345 56 1 4.0 2 6.31 2 1.0 305 49 48 0
346 56 -1 2.0 3 10.0 1 1.0 301 56 69 1
347 56 1 2.0 5 10.0 1 1.0 118 74 43 1
348 56 1 4.0 3 6.31 2 1.0 165 56 45 0
349 56 -1 2.0 3 25.119 2 1.0 83 56 39 0
350 56 -1 4.0 3 39.182 1 1.0 210 56 54 0
351 56 -1 2.0 3 6.31 2 1.0 292 56 30 0
352 56 -1 4.0 3 6.31 2 1.0 199 56 30 0
353 56 -1 2.0 1 39.182 1 1.0 87 43 42 0
354 56 1 2.0 3 39.182 2 1.0 272 56 90 1
355 56 -1 4.0 4 10.0 1 1.0 105 65 61 1
356 56 1 4.0 2 39.182 2 1.0 126 49 65 0
357 56 -1 2.0 2 15.849 2 1.0 284 49 70 1
358 56 -1 2.0 3 10.0 2 1.0 203 56 68 1
359 56 1 2.0 4 3.981 1 1.0 154 65 36 0
360 56 -1 4.0 4 3.981 2 1.0 7 65 71 1
361 56 1 4.0 2 6.31 1 1.0 180 49 40 0
362 56 1 4.0 3 39.182 2 1.0 170 56 68 0
363 56 1 2.0 4 39.182 2 1.0 244 65 90 1
364 56 -1 4.0 2 6.31 1 1.0 79 49 86 0
365 56 1 4.0 4 15.849 2 1.0 297 65 79 1
366 56 1 2.0 4 25.119 1 1.0 258 65 41 0
367 56 1 2.0 5 25.119 1 1.0 310 74 88 1
368 56 1 2.0 3 3.981 2 1.0 186 56 78 1
369 56 1 4.0 2 3.981 1 1.0 60 49 83 0
370 56 -1 2.0 4 25.119 2 1.0 99 65 45 1
371 56 1 2.0 2 39.182 2 1.0 127 49 83 1
372 56 -1 4.0 1 25.119 2 1.0 120 43 43 0
373 56 1 2.0 3 3.981 1 1.0 26 56 33 1
374 56 -1 2.0 3 3.981 2 1.0 301 56 78 1
375 56 1 2.0 2 25.119 1 1.0 18 49 81 1
376 56 1 2.0 1 39.182 1 1.0 269 43 66 0
377 56 1 4.0 5 25.119 1 1.0 326 74 85 0
378 56 -1 2.0 2 3.981 1 1.0 357 49 53 0
379 56 -1 2.0 3 25.119 1 1.0 273 56 82 1
380 56 -1 4.0 4 3.981 1 1.0 237 65 54 1
381 56 1 2.0 2 10.0 1 1.0 128 49 51 0
382 56 -1 2.0 3 39.182 2 1.0 146 56 50 0
383 56 -1 4.0 3 15.849 2 1.0 303 56 58 1
384 56 1 4.0 4 15.849 1 1.0 130 65 70 1
385 56 1 4.0 2 15.849 2 1.0 183 49 46 1
386 56 -1 2.0 4 6.31 1 1.0 29 65 69 0
387 56 1 2.0 5 39.182 1 1.0 223 74 42 1
388 56 1 4.0 5 3.981 2 1.0 320 74 47 1
389 56 1 2.0 4 39.182 1 1.0 320 65 71 0
390 56 1 4.0 4 3.981 1 1.0 114 65 49 1
391 56 1 2.0 3 6.31 1 1.0 98 56 60 1
392 56 1 4.0 3 3.981 2 1.0 291 56 75 0
393 56 1 4.0 4 39.182 1 1.0 164 65 80 1
394 56 1 2.0 4 25.119 2 1.0 176 65 39 1
395 56 -1 4.0 5 3.981 2 1.0 196 74 66 1
396 56 -1 4.0 2 39.182 1 1.0 281 49 86 0
397 56 1 4.0 1 39.182 2 1.0 101 43 70 0
398 56 1 2.0 1 25.119 1 1.0 85 43 77 0
399 56 1 2.0 4 3.981 2 1.0 214 65 54 1
400 56 1 4.0 1 3.981 2 1.0 139 43 81 0
401 56 -1 2.0 2 15.849 1 1.0 53 49 48 0
402 56 1 2.0 5 39.182 2 1.0 170 74 35 0
403 56 -1 2.0 2 6.31 2 1.0 276 49 65 1
404 56 -1 4.0 4 10.0 2 1.0 224 65 48 1
405 56 -1 4.0 3 39.182 2 1.0 146 56 50 0
406 56 -1 4.0 3 15.849 1 1.0 41 56 32 0
407 56 -1 4.0 2 25.119 2 1.0 38 49 51 0
408 56 -1 4.0 5 39.182 1 1.0 156 74 70 0
409 56 1 4.0 1 6.31 2 1.0 41 43 71 1
410 56 -1 2.0 4 10.0 1 1.0 86 65 69 1
411 56 1 4.0 2 15.849 1 1.0 172 49 55 0
412 56 -1 4.0 1 3.981 1 1.0 177 43 71 0
413 56 -1 4.0 1 39.182 1 1.0 169 43 84 0
414 56 1 2.0 2 3.981 2 1.0 110 49 89 1
415 56 -1 2.0 1 15.849 1 1.0 67 43 41 1
416 56 1 4.0 1 25.119 2 1.0 321 43 33 0
417 56 -1 2.0 2 10.0 2 1.0 104 49 42 0
418 56 1 2.0 3 10.0 2 1.0 217 56 54 1
419 56 -1 2.0 2 3.981 2 1.0 235 49 55 0
420 56 -1 2.0 4 15.849 2 1.0 342 65 36 0
421 56 1 4.0 3 10.0 2 1.0 308 56 56 1
422 56 1 2.0 2 10.0 2 1.0 89 49 80 0
423 56 1 4.0 5 3.981 1 1.0 157 74 78 1
424 56 -1 4.0 2 3.981 1 1.0 60 49 56 0
425 56 -1 4.0 5 3.981 1 1.0 94 74 63 0
426 56 -1 2.0 4 15.849 1 1.0 96 65 41 1
427 56 1 2.0 5 15.849 2 1.0 326 74 36 1
428 56 1 4.0 3 25.119 2 1.0 105 56 80 1
429 56 -1 4.0 2 25.119 1 1.0 219 49 72 0
430 56 -1 4.0 4 15.849 2 1.0 64 65 87 1
431 56 1 4.0 3 39.182 1 1.0 18 56 60 0
432 56 -1 2.0 1 25.119 1 1.0 49 43 81 0
433 56 1 4.0 2 39.182 1 1.0 155 49 86 1
434 56 1 2.0 5 3.981 1 1.0 349 74 87 1
435 56 1 2.0 2 6.31 2 1.0 253 49 82 1
436 56 1 4.0 5 15.849 2 1.0 279 74 71 1
437 56 -1 4.0 3 3.981 2 1.0 62 56 81 0
438 56 1 4.0 4 6.31 2 1.0 147 65 31 0
439 56 -1 4.0 4 39.182 2 1.0 1 65 65 1
440 56 -1 2.0 5 25.119 2 1.0 279 74 73 1
441 56 1 4.0 4 39.182 2 1.0 116 65 61 1
442 56 -1 4.0 5 39.182 2 1.0 190 74 81 1
443 56 1 4.0 5 6.31 1 1.0 16 74 89 1
444 56 1 4.0 4 25.119 2 1.0 143 65 56 1
445 56 1 4.0 1 6.31 1 1.0 289 43 64 0
446 56 1 2.0 5 3.981 2 1.0 235 74 36 0
447 56 -1 4.0 5 6.31 1 1.0 78 74 82 1
448 56 1 4.0 1 10.0 1 1.0 180 43 68 0
449 56 -1 4.0 2 39.182 2 1.0 292 49 72 0
450 56 -1 2.0 4 25.119 1 1.0 230 65 65 1
451 56 -1 2.0 4 39.182 1 1.0 118 65 46 1
452 56 1 2.0 4 6.31 1 1.0 128 65 72 1
453 56 -1 2.0 1 6.31 2 1.0 310 43 79 0
454 56 1 2.0 3 25.119 1 1.0 179 56 56 1
455 56 -1 2.0 1 3.981 2 1.0 84 43 85 1
456 56 1 2.0 1 6.31 2 1.0 142 43 84 1
457 56 1 2.0 1 6.31 1 1.0 348 43 49 0
458 56 -1 2.0 1 6.31 1 1.0 161 43 64 0
459 56 -1 4.0 1 6.31 2 1.0 137 43 51 0
460 56 -1 2.0 1 25.119 2 1.0 212 43 87 0
461 56 1 4.0 5 10.0 1 1.0 63 74 39 1
462 56 -1 4.0 4 6.31 1 1.0 220 65 54 1
463 56 -1 4.0 1 15.849 1 1.0 297 43 53 0
464 56 -1 2.0 5 10.0 1 1.0 134 74 43 1
465 56 -1 4.0 4 39.182 1 1.0 280 65 63 1
466 56 1 2.0 1 25.119 2 1.0 288 43 34 0
467 56 -1 4.0 4 25.119 2 1.0 131 65 35 0
468 56 -1 2.0 1 15.849 2 1.0 279 43 41 1
469 56 1 4.0 5 10.0 2 1.0 212 74 64 1
470 56 1 4.0 1 39.182 1 1.0 57 43 30 0
471 56 1 4.0 4 10.0 1 1.0 180 65 81 1
472 56 1 4.0 2 10.0 2 1.0 14 49 74 1
473 56 1 4.0 5 6.31 2 1.0 253 74 72 1
474 56 1 4.0 1 15.849 2 1.0 329 43 58 0
475 56 -1 2.0 4 3.981 1 1.0 198 65 50 0
476 56 -1 2.0 5 10.0 2 1.0 232 74 74 0
477 56 -1 4.0 5 25.119 1 1.0 229 74 63 1
478 56 -1 2.0 5 3.981 1 1.0 43 74 56 0
479 56 1 4.0 3 15.849 1 1.0 153 56 76 1
480 56 1 4.0 2 3.981 2 1.0 102 49 37 0
