trial durationTest direction radius durationComparison speed number size iniAngle1 durComp onset response
1 56 1 4.0 4 25.119 2 1.0 106 65 43 1
2 56 1 2.0 2 39.182 2 1.0 225 49 57 1
3 56 -1 2.0 1 15.849 2 1.0 3 43 41 1
4 56 -1 4.0 3 25.119 2 1.0 240 56 61 1
5 56 1 4.0 3 6.31 1 1.0 52 56 78 0
6 56 -1 4.0 3 10.0 2 1.0 47 56 36 0
7 56 -1 2.0 3 6.31 2 1.0 159 56 74 0
8 56 1 2.0 1 15.849 1 1.0 276 43 67 0
9 56 -1 4.0 2 10.0 2 1.0 57 49 63 0
10 56 1 4.0 1 10.0 1 1.0 290 43 84 0
11 56 -1 4.0 5 3.981 1 1.0 235 74 45 1
12 56 -1 2.0 5 15.849 2 1.0 306 74 74 1
13 56 -1 4.0 4 25.119 1 1.0 191 65 76 1
14 56 1 2.0 2 39.182 1 1.0 277 49 68 0
15 56 1 4.0 1 39.182 2 1.0 137 43 30 0
16 56 -1 2.0 5 6.31 1 1.0 146 74 44 1
17 56 1 2.0 1 39.182 1 1.0 235 43 56 1
18 56 -1 2.0 5 15.849 1 1.0 245 74 70 1
19 56 -1 2.0 2 25.119 2 1.0 166 49 85 1
20 56 -1 2.0 4 15.849 1 1.0 350 65 49 0
21 56 1 4.0 1 15.849 1 1.0 118 43 58 0
22 56 1 2.0 1 10.0 1 1.0 82 43 62 0
23 56 1 4.0 2 10.0 2 1.0 20 49 80 1
24 56 -1 2.0 2 39.182 2 1.0 123 49 79 1
25 56 1 4.0 4 25.119 1 1.0 65 65 51 1
26 56 1 4.0 3 39.182 1 1.0 144 56 72 1
27 56 -1 2.0 4 6.31 1 1.0 154 65 75 0
28 56 1 4.0 2 15.849 1 1.0 352 49 48 0
29 56 -1 2.0 5 25.119 1 1.0 149 74 71 1
30 56 -1 4.0 4 25.119 2 1.0 129 65 70 1
31 56 1 2.0 1 3.981 2 1.0 124 43 77 0
32 56 1 2.0 5 10.0 1 1.0 110 74 62 1
33 56 -1 4.0 4 39.182 1 1.0 138 65 74 1
34 56 1 4.0 5 39.182 1 1.0 183 74 61 1
35 56 1 4.0 5 25.119 2 1.0 80 74 53 1
36 56 -1 4.0 3 6.31 1 1.0 257 56 33 0
37 56 1 2.0 1 25.119 2 1.0 345 43 36 1
38 56 1 2.0 5 25.119 2 1.0 131 74 88 1
39 56 -1 4.0 3 25.119 1 1.0 188 56 67 1
40 56 -1 4.0 1 39.182 1 1.0 175 43 52 1
41 56 -1 2.0 4 10.0 2 1.0 96 65 49 1
42 56 1 4.0 3 25.119 2 1.0 38 56 44 1
43 56 -1 4.0 1 3.981 2 1.0 261 43 41 0
44 56 -1 4.0 2 25.119 2 1.0 87 49 71 0
45 56 1 2.0 1 15.849 2 1.0 96 43 73 1
46 56 1 2.0 4 15.849 2 1.0 202 65 36 1
47 56 1 4.0 3 15.849 1 1.0 2 56 83 0
48 56 1 4.0 3 3.981 2 1.0 79 56 33 0
49 56 -1 4.0 5 39.182 2 1.0 352 74 81 1
50 56 1 2.0 3 6.31 2 1.0 329 56 30 0
51 56 1 4.0 2 10.0 1 1.0 279 49 62 0
52 56 1 2.0 3 15.849 2 1.0 83 56 33 1
53 56 -1 2.0 3 15.849 1 1.0 141 56 81 1
54 56 1 2.0 4 10.0 2 1.0 49 65 67 1
55 56 1 4.0 2 25.119 1 1.0 187 49 43 0
56 56 -1 4.0 4 15.849 2 1.0 254 65 75 1
57 56 1 4.0 4 10.0 1 1.0 73 65 38 0
58 56 1 4.0 4 15.849 2 1.0 307 65 85 1
59 56 1 4.0 2 15.849 2 1.0 285 49 72 0
60 56 -1 2.0 2 3.981 2 1.0 139 49 54 1
61 56 1 2.0 5 3.981 1 1.0 255 74 47 1
62 56 1 4.0 5 25.119 1 1.0 204 74 82 1
63 56 1 4.0 2 25.119 2 1.0 83 49 88 0
64 56 -1 2.0 4 39.182 1 1.0 75 65 89 1
65 56 1 2.0 2 15.849 1 1.0 145 49 53 0
66 56 -1 4.0 1 6.31 1 1.0 184 43 36 0
67 56 1 2.0 4 6.31 2 1.0 171 65 54 1
68 56 -1 4.0 5 6.31 1 1.0 306 74 66 1
69 56 1 4.0 3 15.849 2 1.0 258 56 49 0
70 56 1 2.0 1 25.119 1 1.0 339 43 44 1
71 56 1 2.0 4 15.849 1 1.0 90 65 47 1
72 56 1 2.0 1 6.31 1 1.0 300 43 40 0
73 56 -1 4.0 5 25.119 1 1.0 308 74 48 1
74 56 -1 2.0 5 3.981 1 1.0 223 74 32 0
75 56 -1 2.0 1 6.31 2 1.0 288 43 66 0
76 56 -1 2.0 1 25.119 1 1.0 155 43 44 1
77 56 -1 2.0 5 10.0 2 1.0 234 74 59 1
78 56 1 4.0 5 10.0 2 1.0 258 74 31 1
79 56 1 4.0 4 3.981 1 1.0 271 65 59 0
80 56 1 2.0 4 10.0 1 1.0 168 65 35 1
81 56 1 2.0 2 3.981 2 1.0 29 49 35 0
82 56 1 4.0 1 25.119 1 1.0 93 43 57 0
83 56 1 4.0 4 3.981 2 1.0 344 65 44 0
84 56 1 2.0 2 10.0 1 1.0 69 49 81 0
85 56 1 4.0 5 6.31 2 1.0 270 74 86 0
86 56 1 4.0 1 3.981 2 1.0 56 43 39 0
87 56 -1 4.0 3 3.981 1 1.0 292 56 47 0
88 56 -1 2.0 1 39.182 2 1.0 292 43 78 1
89 56 1 4.0 4 10.0 2 1.0 101 65 71 1
90 56 1 4.0 3 6.31 2 1.0 29 56 62 1
91 56 -1 4.0 3 39.182 1 1.0 347 56 62 1
92 56 1 4.0 5 10.0 1 1.0 150 74 63 1
93 56 1 4.0 2 3.981 1 1.0 340 49 49 0
94 56 1 2.0 5 6.31 1 1.0 78 74 53 1
95 56 -1 4.0 1 25.119 1 1.0 243 43 35 0
96 56 -1 2.0 3 10.0 1 1.0 213 56 59 1
97 56 1 2.0 4 6.31 1 1.0 84 65 37 1
98 56 1 2.0 5 39.182 2 1.0 351 74 86 1
99 56 -1 4.0 2 15.849 2 1.0 294 49 43 0
100 56 1 4.0 1 25.119 2 1.0 139 43 71 1
101 56 1 4.0 5 6.31 1 1.0 41 74 72 1
102 56 -1 2.0 2 6.31 2 1.0 276 49 53 0
103 56 1 2.0 5 3.981 2 1.0 266 74 62 1
104 56 -1 4.0 5 10.0 1 1.0 0 74 81 1
105 56 -1 2.0 2 3.981 1 1.0 173 49 81 0
106 56 1 4.0 1 15.849 2 1.0 175 43 54 1
107 56 -1 4.0 5 25.119 2 1.0 144 74 52 1
108 56 1 2.0 2 25.119 1 1.0 114 49 87 1
109 56 1 4.0 3 3.981 1 1.0 250 56 46 0
110 56 -1 4.0 1 6.31 2 1.0 103 43 36 0
111 56 -1 4.0 1 10.0 2 1.0 301 43 38 1
112 56 -1 2.0 5 6.31 2 1.0 63 74 71 1
113 56 1 4.0 5 3.981 2 1.0 121 74 90 0
114 56 1 4.0 2 39.182 2 1.0 240 49 90 1
115 56 -1 2.0 2 6.31 1 1.0 56 49 84 0
116 56 -1 2.0 5 39.182 2 1.0 278 74 52 1
117 56 1 2.0 1 10.0 2 1.0 86 43 56 1
118 56 -1 2.0 4 25.119 1 1.0 226 65 53 1
119 56 -1 2.0 2 25.119 1 1.0 87 49 38 1
120 56 1 2.0 1 39.182 2 1.0 100 43 34 1
121 56 -1 4.0 5 10.0 2 1.0 191 74 66 1
122 56 1 2.0 3 25.119 1 1.0 223 56 87 0
123 56 -1 2.0 3 3.981 2 1.0 276 56 35 0
124 56 -1 2.0 1 3.981 2 1.0 117 43 89 0
125 56 -1 2.0 1 15.849 1 1.0 334 43 89 0
126 56 -1 4.0 2 39.182 1 1.0 13 49 75 1
127 56 -1 4.0 3 10.0 1 1.0 334 56 69 1
128 56 -1 2.0 2 10.0 1 1.0 131 49 81 0
129 56 1 2.0 1 3.981 1 1.0 192 43 60 0
130 56 -1 4.0 4 15.849 1 1.0 330 65 50 1
131 56 -1 2.0 4 6.31 2 1.0 85 65 81 1
132 56 -1 2.0 3 25.119 2 1.0 318 56 70 1
133 56 -1 2.0 4 39.182 2 1.0 204 65 46 1
134 56 -1 2.0 4 3.981 2 1.0 50 65 72 0
135 56 -1 4.0 1 39.182 2 1.0 35 43 35 0
136 56 1 2.0 4 3.981 1 1.0 28 65 48 0
137 56 1 2.0 3 10.0 2 1.0 115 56 59 1
138 56 -1 2.0 5 25.119 2 1.0 21 74 61 1
139 56 -1 2.0 4 3.981 1 1.0 254 65 88 0
140 56 1 2.0 3 3.981 2 1.0 15 56 80 0
141 56 1 2.0 3 6.31 1 1.0 21 56 60 0
142 56 1 2.0 2 6.31 1 1.0 221 49 46 0
143 56 -1 2.0 3 39.182 2 1.0 170 56 90 1
144 56 1 2.0 2 25.119 2 1.0 35 49 62 1
145 56 1 2.0 2 6.31 2 1.0 296 49 78 0
146 56 -1 4.0 2 3.981 1 1.0 43 49 88 0
147 56 -1 2.0 5 10.0 1 1.0 81 74 86 1
148 56 -1 4.0 4 10.0 2 1.0 313 65 87 1
149 56 1 2.0 1 6.31 2 1.0 351 43 49 0
150 56 1 4.0 2 3.981 2 1.0 321 49 60 0
151 56 1 4.0 2 39.182 1 1.0 307 49 73 1
152 56 -1 2.0 3 10.0 2 1.0 329 56 65 1
153 56 -1 4.0 3 39.182 2 1.0 287 56 38 1
154 56 1 4.0 5 15.849 1 1.0 291 74 31 0
155 56 -1 2.0 1 10.0 1 1.0 19 43 75 0
156 56 -1 4.0 5 6.31 2 1.0 55 74 40 0
157 56 -1 4.0 5 15.849 2 1.0 173 74 71 1
158 56 -1 4.0 2 3.981 2 1.0 120 49 60 0
159 56 -1 4.0 3 15.849 2 1.0 155 56 71 1
160 56 -1 4.0 2 6.31 1 1.0 58 49 55 0
161 56 1 2.0 5 39.182 1 1.0 110 74 40 1
162 56 -1 2.0 4 25.119 2 1.0 314 65 85 1
163 56 1 4.0 4 6.31 1 1.0 5 65 59 1
164 56 -1 4.0 1 25.119 2 1.0 292 43 58 0
165 56 -1 4.0 4 6.31 2 1.0 53 65 38 0
166 56 1 2.0 3 39.182 1 1.0 48 56 89 1
167 56 -1 2.0 1 10.0 2 1.0 98 43 69 0
168 56 -1 2.0 1 6.31 1 1.0 148 43 32 0
169 56 -1 4.0 4 3.981 2 1.0 138 65 49 0
170 56 1 4.0 1 39.182 1 1.0 175 43 30 0
171 56 -1 2.0 3 6.31 1 1.0 35 56 41 0
172 56 -1 4.0 4 39.182 2 1.0 133 65 57 1
173 56 -1 2.0 5 39.182 1 1.0 296 74 52 1
174 56 1 2.0 4 25.119 1 1.0 102 65 88 1
175 56 1 2.0 5 25.119 1 1.0 221 74 68 1
176 56 1 4.0 1 10.0 2 1.0 282 43 47 0
177 56 -1 2.0 3 25.119 1 1.0 132 56 69 1
178 56 1 2.0 5 6.31 2 1.0 62 74 78 1
179 56 1 2.0 4 3.981 2 1.0 302 65 30 1
180 56 1 4.0 3 39.182 2 1.0 292 56 73 1
181 56 -1 4.0 3 3.981 2 1.0 150 56 73 0
182 56 -1 2.0 2 39.182 1 1.0 358 49 34 0
183 56 1 4.0 2 6.31 2 1.0 200 49 80 1
184 56 1 2.0 4 39.182 1 1.0 40 65 33 1
185 56 1 4.0 4 39.182 2 1.0 58 65 84 1
186 56 1 2.0 3 3.981 1 1.0 86 56 83 0
187 56 -1 4.0 1 3.981 1 1.0 150 43 41 0
188 56 1 2.0 3 25.119 2 1.0 263 56 68 1
189 56 1 4.0 4 39.182 1 1.0 339 65 50 1
190 56 1 2.0 4 25.119 2 1.0 67 65 57 1
191 56 1 2.0 5 15.849 1 1.0 352 74 54 1
192 56 1 4.0 3 10.0 2 1.0 193 56 34 0
193 56 -1 4.0 5 3.981 2 1.0 331 74 83 0
194 56 1 2.0 3 15.849 1 1.0 9 56 40 1
195 56 1 4.0 5 39.182 2 1.0 96 74 75 1
196 56 1 4.0 4 6.31 2 1.0 257 65 74 0
197 56 -1 4.0 1 15.849 2 1.0 152 43 80 0
198 56 -1 2.0 1 39.182 1 1.0 198 43 77 1
199 56 -1 4.0 1 10.0 1 1.0 29 43 54 0
200 56 -1 2.0 1 25.119 2 1.0 4 43 50 1
201 56 1 4.0 4 15.849 1 1.0 47 65 41 0
202 56 -1 4.0 3 6.31 2 1.0 31 56 51 0
203 56 -1 2.0 3 3.981 1 1.0 18 56 82 0
204 56 1 4.0 1 6.31 2 1.0 0 43 56 0
205 56 1 2.0 4 39.182 2 1.0 271 65 52 1
206 56 -1 4.0 2 6.31 2 1.0 323 49 79 0
207 56 1 4.0 1 6.31 1 1.0 145 43 81 0
208 56 -1 4.0 2 39.182 2 1.0 62 49 49 1
209 56 1 2.0 2 15.849 2 1.0 177 49 31 1
210 56 -1 4.0 4 10.0 1 1.0 46 65 60 1
211 56 1 4.0 2 6.31 1 1.0 132 49 34 0
212 56 -1 2.0 5 3.981 2 1.0 47 74 47 1
213 56 -1 4.0 1 15.849 1 1.0 250 43 59 1
214 56 -1 2.0 4 15.849 2 1.0 188 65 60 1
215 56 1 4.0 3 25.119 1 1.0 255 56 77 1
216 56 -1 2.0 2 10.0 2 1.0 339 49 32 1
217 56 1 4.0 3 10.0 1 1.0 71 56 55 0
218 56 1 4.0 1 3.981 1 1.0 350 43 81 0
219 56 -1 2.0 3 15.849 2 1.0 270 56 54 1
220 56 1 4.0 5 15.849 2 1.0 175 74 67 1
221 56 -1 4.0 4 3.981 1 1.0 226 65 42 0
222 56 -1 4.0 3 15.849 1 1.0 16 56 49 1
223 56 1 4.0 5 3.981 1 1.0 80 74 49 0
224 56 -1 2.0 3 39.182 1 1.0 134 56 59 1
225 56 -1 2.0 2 15.849 2 1.0 78 49 69 1
226 56 -1 2.0 1 3.981 1 1.0 70 43 82 0
227 56 1 2.0 5 10.0 2 1.0 89 74 72 1
228 56 -1 2.0 4 10.0 1 1.0 60 65 53 1
229 56 -1 2.0 2 15.849 1 1.0 100 49 73 1
230 56 -1 4.0 2 25.119 1 1.0 276 49 59 1
231 56 -1 4.0 2 15.849 1 1.0 232 49 77 0
232 56 -1 4.0 5 15.849 1 1.0 226 74 75 1
233 56 1 2.0 5 15.849 2 1.0 151 74 62 1
234 56 -1 4.0 4 6.31 1 1.0 25 65 31 0
235 56 1 2.0 2 3.981 1 1.0 270 49 86 0
236 56 -1 4.0 2 10.0 1 1.0 357 49 75 0
237 56 1 2.0 3 39.182 2 1.0 218 56 39 1
238 56 -1 4.0 5 39.182 1 1.0 146 74 72 1
239 56 1 2.0 3 10.0 1 1.0 75 56 47 0
240 56 1 2.0 2 10.0 2 1.0 148 49 87 0
241 56 1 4.0 4 10.0 1 1.0 22 65 74 0
242 56 -1 4.0 2 6.31 1 1.0 79 49 36 0
243 56 -1 2.0 3 6.31 1 1.0 33 56 72 1
244 56 1 2.0 4 3.981 1 1.0 280 65 42 1
245 56 -1 2.0 4 10.0 2 1.0 101 65 52 1
246 56 -1 4.0 2 39.182 1 1.0 183 49 50 1
247 56 1 4.0 2 6.31 1 1.0 149 49 60 0
248 56 -1 2.0 2 15.849 1 1.0 127 49 54 1
249 56 1 2.0 4 25.119 2 1.0 211 65 86 1
250 56 1 4.0 4 25.119 1 1.0 113 65 88 1
251 56 1 4.0 2 10.0 1 1.0 81 49 83 0
252 56 -1 2.0 1 25.119 2 1.0 104 43 33 1
253 56 -1 2.0 2 25.119 1 1.0 239 49 85 1
254 56 1 2.0 2 15.849 2 1.0 288 49 30 1
255 56 -1 4.0 2 15.849 1 1.0 91 49 66 0
256 56 -1 4.0 1 25.119 1 1.0 224 43 62 0
257 56 1 2.0 4 15.849 1 1.0 235 65 37 1
258 56 1 4.0 5 10.0 1 1.0 336 74 47 1
259 56 -1 2.0 3 15.849 1 1.0 221 56 67 1
260 56 1 4.0 4 10.0 2 1.0 247 65 86 0
261 56 1 4.0 3 6.31 2 1.0 82 56 47 0
262 56 1 4.0 2 25.119 1 1.0 134 49 61 1
263 56 -1 4.0 3 15.849 2 1.0 320 56 37 0
264 56 -1 2.0 1 3.981 1 1.0 237 43 37 0
265 56 1 2.0 3 6.31 1 1.0 329 56 37 0
266 56 -1 2.0 5 6.31 2 1.0 127 74 87 1
267 56 -1 4.0 3 3.981 2 1.0 16 56 68 0
268 56 1 4.0 3 15.849 2 1.0 306 56 51 1
269 56 1 2.0 2 6.31 1 1.0 306 49 56 0
270 56 -1 2.0 1 15.849 1 1.0 156 43 68 1
271 56 -1 2.0 1 39.182 2 1.0 6 43 42 1
272 56 1 4.0 5 15.849 1 1.0 297 74 43 0
273 56 1 2.0 1 39.182 2 1.0 214 43 70 1
274 56 -1 2.0 2 39.182 1 1.0 246 49 48 0
275 56 1 2.0 3 10.0 2 1.0 26 56 82 1
276 56 -1 2.0 3 6.31 2 1.0 310 56 87 0
277 56 1 4.0 5 6.31 1 1.0 291 74 63 0
278 56 -1 4.0 4 15.849 2 1.0 106 65 70 1
279 56 -1 4.0 3 15.849 1 1.0 329 56 63 0
280 56 1 4.0 5 10.0 2 1.0 351 74 33 0
281 56 1 2.0 5 6.31 2 1.0 65 74 53 1
282 56 1 4.0 1 6.31 1 1.0 39 43 72 0
283 56 1 4.0 4 3.981 1 1.0 117 65 31 0
284 56 -1 2.0 2 3.981 1 1.0 76 49 43 0
285 56 1 2.0 2 10.0 1 1.0 94 49 65 0
286 56 -1 2.0 4 15.849 2 1.0 25 65 59 1
287 56 -1 2.0 4 3.981 1 1.0 109 65 56 0
288 56 -1 2.0 4 6.31 1 1.0 195 65 90 1
289 56 -1 2.0 5 10.0 2 1.0 220 74 75 1
290 56 -1 4.0 3 3.981 1 1.0 288 56 45 0
291 56 -1 2.0 4 15.849 1 1.0 241 65 82 1
292 56 -1 2.0 2 10.0 2 1.0 352 49 86 1
293 56 -1 2.0 1 3.981 2 1.0 146 43 90 0
294 56 1 2.0 5 15.849 1 1.0 77 74 75 1
295 56 1 2.0 1 15.849 1 1.0 72 43 31 0
296 56 -1 4.0 2 10.0 2 1.0 66 49 73 0
297 56 1 4.0 5 25.119 1 1.0 65 74 48 1
298 56 1 2.0 5 10.0 1 1.0 317 74 32 0
299 56 -1 2.0 2 39.182 2 1.0 17 49 52 1
300 56 1 2.0 2 6.31 2 1.0 36 49 47 0
301 56 1 4.0 5 39.182 2 1.0 81 74 49 1
302 56 -1 4.0 3 6.31 2 1.0 96 56 68 0
303 56 -1 2.0 3 39.182 2 1.0 320 56 31 1
304 56 -1 2.0 1 6.31 2 1.0 332 43 64 0
305 56 -1 4.0 4 3.981 2 1.0 85 65 72 0
306 56 -1 4.0 4 3.981 1 1.0 144 65 73 0
307 56 1 2.0 4 6.31 2 1.0 48 65 56 1
308 56 1 4.0 2 6.31 2 1.0 272 49 49 0
309 56 1 4.0 2 15.849 1 1.0 285 49 46 0
310 56 1 4.0 5 25.119 2 1.0 336 74 87 1
311 56 -1 2.0 4 10.0 1 1.0 175 65 90 0
312 56 1 4.0 4 39.182 2 1.0 160 65 41 1
313 56 -1 4.0 5 25.119 2 1.0 133 74 88 1
314 56 1 2.0 2 3.981 2 1.0 315 49 82 0
315 56 1 2.0 1 3.981 2 1.0 2 43 56 0
316 56 1 4.0 1 6.31 2 1.0 155 43 30 0
317 56 1 2.0 4 39.182 2 1.0 94 65 55 1
318 56 -1 4.0 1 25.119 2 1.0 89 43 41 0
319 56 1 2.0 2 25.119 2 1.0 358 49 56 1
320 56 1 2.0 4 15.849 2 1.0 58 65 58 0
321 56 -1 4.0 5 15.849 1 1.0 219 74 61 1
322 56 -1 4.0 5 6.31 1 1.0 170 74 42 0
323 56 -1 4.0 1 6.31 1 1.0 352 43 31 0
324 56 -1 2.0 2 6.31 1 1.0 117 49 50 1
325 56 -1 4.0 4 6.31 2 1.0 17 65 60 1
326 56 -1 2.0 4 25.119 1 1.0 170 65 81 1
327 56 1 4.0 1 15.849 2 1.0 284 43 70 0
328 56 1 4.0 1 39.182 2 1.0 354 43 82 1
329 56 -1 4.0 1 3.981 1 1.0 296 43 43 0
330 56 -1 4.0 5 10.0 2 1.0 267 74 32 1
331 56 -1 4.0 3 39.182 2 1.0 26 56 58 1
332 56 -1 4.0 2 10.0 1 1.0 292 49 61 0
333 56 -1 2.0 1 39.182 1 1.0 170 43 82 1
334 56 -1 2.0 4 39.182 1 1.0 135 65 47 1
335 56 -1 4.0 2 25.119 1 1.0 274 49 54 0
336 56 1 2.0 4 39.182 1 1.0 211 65 85 1
337 56 -1 2.0 3 15.849 2 1.0 190 56 40 1
338 56 -1 2.0 5 3.981 2 1.0 129 74 49 0
339 56 -1 2.0 3 10.0 1 1.0 330 56 89 0
340 56 -1 2.0 3 39.182 1 1.0 2 56 77 1
341 56 1 2.0 1 15.849 2 1.0 336 43 82 0
342 56 -1 2.0 5 15.849 1 1.0 220 74 82 1
343 56 -1 2.0 5 25.119 1 1.0 208 74 59 1
344 56 -1 4.0 4 15.849 1 1.0 40 65 32 0
345 56 -1 2.0 3 3.981 2 1.0 262 56 30 0
346 56 1 4.0 4 6.31 2 1.0 141 65 59 0
347 56 1 2.0 2 3.981 1 1.0 150 49 76 0
348 56 1 2.0 3 3.981 1 1.0 143 56 56 0
349 56 -1 2.0 5 3.981 1 1.0 16 74 70 0
350 56 -1 4.0 1 39.182 1 1.0 356 43 54 1
351 56 -1 2.0 3 10.0 2 1.0 25 56 85 0
352 56 1 4.0 3 3.981 2 1.0 22 56 47 0
353 56 1 4.0 4 15.849 1 1.0 147 65 33 0
354 56 1 2.0 3 39.182 1 1.0 316 56 63 1
355 56 1 2.0 2 25.119 1 1.0 240 49 75 1
356 56 1 2.0 5 25.119 2 1.0 112 74 38 1
357 56 -1 4.0 2 3.981 1 1.0 294 49 54 0
358 56 -1 4.0 4 39.182 1 1.0 167 65 45 1
359 56 -1 4.0 2 6.31 2 1.0 212 49 68 0
360 56 -1 2.0 4 3.981 2 1.0 17 65 38 0
361 56 1 4.0 5 6.31 2 1.0 219 74 88 0
362 56 1 4.0 1 3.981 1 1.0 221 43 56 0
363 56 -1 4.0 5 3.981 2 1.0 265 74 75 0
364 56 1 2.0 5 10.0 2 1.0 48 74 37 1
365 56 1 4.0 1 39.182 1 1.0 261 43 62 1
366 56 -1 4.0 5 3.981 1 1.0 54 74 86 0
367 56 1 4.0 2 25.119 2 1.0 235 49 77 1
368 56 1 4.0 4 39.182 1 1.0 228 65 41 1
369 56 1 4.0 3 39.182 2 1.0 232 56 74 1
370 56 1 2.0 5 15.849 2 1.0 245 74 62 1
371 56 1 2.0 1 25.119 1 1.0 141 43 66 1
372 56 -1 2.0 1 15.849 2 1.0 264 43 56 1
373 56 -1 2.0 5 15.849 2 1.0 88 74 51 1
374 56 1 2.0 3 15.849 2 1.0 257 56 57 1
375 56 1 2.0 5 39.182 2 1.0 80 74 66 1
376 56 -1 4.0 1 10.0 1 1.0 353 43 41 0
377 56 -1 2.0 4 6.31 2 1.0 181 65 30 0
378 56 1 2.0 1 10.0 1 1.0 17 43 45 0
379 56 -1 2.0 2 10.0 1 1.0 318 49 70 0
380 56 1 4.0 3 6.31 1 1.0 143 56 50 0
381 56 1 4.0 1 10.0 2 1.0 90 43 77 0
382 56 1 4.0 4 25.119 2 1.0 122 65 74 1
383 56 1 4.0 3 25.119 1 1.0 199 56 79 0
384 56 1 4.0 1 15.849 1 1.0 234 43 35 0
385 56 -1 2.0 5 25.119 2 1.0 359 74 38 1
386 56 1 4.0 4 15.849 2 1.0 276 65 78 1
387 56 1 2.0 3 6.31 2 1.0 241 56 48 1
388 56 1 2.0 5 25.119 1 1.0 219 74 55 1
389 56 1 2.0 4 3.981 2 1.0 280 65 52 1
390 56 1 2.0 1 3.981 1 1.0 257 43 41 0
391 56 -1 2.0 5 10.0 1 1.0 50 74 65 1
392 56 -1 4.0 2 15.849 2 1.0 93 49 67 1
393 56 1 4.0 5 3.981 2 1.0 285 74 90 0
394 56 1 4.0 5 3.981 1 1.0 314 74 63 0
395 56 -1 2.0 1 25.119 1 1.0 318 43 50 1
396 56 -1 4.0 1 15.849 1 1.0 275 43 37 0
397 56 1 4.0 3 10.0 1 1.0 274 56 70 0
398 56 1 4.0 3 15.849 1 1.0 99 56 31 1
399 56 1 2.0 5 3.981 1 1.0 93 74 63 1
400 56 -1 4.0 2 25.119 2 1.0 216 49 62 0
401 56 -1 4.0 5 39.182 1 1.0 46 74 72 1
402 56 1 2.0 1 6.31 2 1.0 278 43 80 0
403 56 -1 4.0 3 6.31 1 1.0 335 56 74 0
404 56 1 4.0 1 25.119 1 1.0 358 43 30 0
405 56 -1 2.0 5 39.182 2 1.0 282 74 44 1
406 56 1 4.0 1 10.0 1 1.0 148 43 65 0
407 56 -1 4.0 4 39.182 2 1.0 333 65 63 1
408 56 1 2.0 3 25.119 2 1.0 252 56 75 1
409 56 -1 4.0 2 39.182 2 1.0 165 49 64 1
410 56 1 4.0 2 3.981 2 1.0 178 49 66 0
411 56 -1 2.0 5 39.182 1 1.0 133 74 40 1
412 56 1 2.0 5 39.182 1 1.0 253 74 52 1
413 56 1 2.0 4 25.119 1 1.0 26 65 82 1
414 56 -1 4.0 3 25.119 1 1.0 245 56 74 0
415 56 1 2.0 4 6.31 1 1.0 10 65 50 0
416 56 -1 4.0 5 39.182 2 1.0 117 74 80 1
417 56 -1 4.0 4 10.0 2 1.0 210 65 84 0
418 56 1 2.0 1 10.0 2 1.0 20 43 40 0
419 56 -1 2.0 2 25.119 2 1.0 169 49 39 1
420 56 1 4.0 5 15.849 2 1.0 77 74 64 1
421 56 -1 4.0 5 25.119 1 1.0 336 74 86 1
422 56 1 4.0 1 25.119 2 1.0 186 43 37 0
423 56 1 4.0 2 39.182 2 1.0 336 49 68 1
424 56 -1 4.0 1 3.981 2 1.0 164 43 82 0
425 56 1 2.0 4 10.0 2 1.0 212 65 84 1
426 56 1 2.0 1 25.119 2 1.0 43 43 57 1
427 56 -1 4.0 1 6.31 2 1.0 52 43 43 0
428 56 1 2.0 2 39.182 1 1.0 153 49 42 1
429 56 1 2.0 1 6.31 1 1.0 320 43 56 0
430 56 -1 2.0 3 3.981 1 1.0 258 56 42 0
431 56 -1 2.0 2 6.31 2 1.0 157 49 61 0
432 56 -1 4.0 1 15.849 2 1.0 247 43 87 0
433 56 -1 2.0 1 6.31 1 1.0 345 43 37 0
434 56 -1 4.0 5 15.849 2 1.0 138 74 77 1
435 56 -1 4.0 3 10.0 1 1.0 254 56 58 0
436 56 -1 2.0 3 25.119 1 1.0 158 56 48 1
437 56 -1 4.0 4 25.119 2 1.0 308 65 41 1
438 56 1 2.0 2 39.182 2 1.0 0 49 80 1
439 56 -1 4.0 4 10.0 1 1.0 140 65 87 0
440 56 1 2.0 3 3.981 2 1.0 30 56 57 0
441 56 -1 4.0 3 25.119 2 1.0 231 56 38 1
442 56 1 2.0 5 6.31 1 1.0 178 74 32 0
443 56 1 2.0 2 15.849 1 1.0 128 49 70 1
444 56 -1 4.0 4 25.119 1 1.0 116 65 42 1
445 56 -1 4.0 1 39.182 2 1.0 59 43 83 0
446 56 1 2.0 3 15.849 1 1.0 289 56 49 1
447 56 -1 2.0 5 6.31 1 1.0 126 74 54 0
448 56 1 4.0 3 10.0 2 1.0 340 56 69 0
449 56 -1 2.0 4 39.182 2 1.0 174 65 63 1
450 56 -1 4.0 4 6.31 1 1.0 17 65 81 1
451 56 1 2.0 3 39.182 2 1.0 260 56 49 1
452 56 1 4.0 3 39.182 1 1.0 334 56 37 1
453 56 1 4.0 4 6.31 1 1.0 149 65 35 0
454 56 -1 2.0 3 25.119 2 1.0 210 56 34 1
455 56 1 2.0 4 10.0 1 1.0 330 65 52 1
456 56 1 2.0 1 39.182 1 1.0 55 43 53 1
457 56 1 2.0 5 3.981 2 1.0 303 74 47 0
458 56 1 2.0 3 25.119 1 1.0 261 56 69 1
459 56 -1 4.0 3 39.182 1 1.0 63 56 79 1
460 56 -1 2.0 2 3.981 2 1.0 184 49 69 0
461 56 1 4.0 4 3.981 2 1.0 209 65 67 0
462 56 1 4.0 2 3.981 1 1.0 305 49 77 0
463 56 1 4.0 5 39.182 1 1.0 121 74 56 1
464 56 1 4.0 1 3.981 2 1.0 250 43 48 0
465 56 1 4.0 2 10.0 2 1.0 295 49 70 0
466 56 1 2.0 2 10.0 2 1.0 47 49 52 1
467 56 -1 4.0 1 10.0 2 1.0 32 43 66 0
468 56 -1 4.0 2 3.981 2 1.0 39 49 66 0
469 56 1 4.0 2 15.849 2 1.0 165 49 76 0
470 56 -1 4.0 5 10.0 1 1.0 100 74 44 1
471 56 -1 2.0 4 25.119 2 1.0 289 65 89 1
472 56 1 4.0 3 3.981 1 1.0 313 56 36 0
473 56 -1 2.0 1 10.0 1 1.0 138 43 55 0
474 56 -1 4.0 3 10.0 2 1.0 189 56 45 0
475 56 -1 2.0 2 15.849 2 1.0 320 49 62 1
476 56 -1 4.0 5 6.31 2 1.0 174 74 51 0
477 56 1 4.0 2 39.182 1 1.0 275 49 68 1
478 56 1 4.0 3 25.119 2 1.0 323 56 69 0
479 56 1 2.0 3 10.0 1 1.0 108 56 36 0
480 56 -1 2.0 1 10.0 2 1.0 319 43 69 0
