trial durationTest direction radius durationComparison speed number size iniAngle1 durComp onset response
1 56 -1 2.0 4 25.119 1 1.0 27 71 84 1
2 56 -1 2.0 4 15.849 2 1.0 133 71 57 1
3 56 -1 4.0 1 39.182 2 1.0 115 35 35 0
4 56 -1 2.0 2 25.119 1 1.0 90 45 84 0
5 56 1 4.0 3 10.0 2 1.0 0 56 48 1
6 56 1 2.0 1 6.31 2 1.0 181 35 90 0
7 56 1 2.0 1 39.182 1 1.0 246 35 44 0
8 56 1 2.0 4 25.119 1 1.0 46 71 47 1
9 56 1 4.0 3 15.849 2 1.0 43 56 66 0
10 56 -1 4.0 5 6.31 2 1.0 54 89 43 1
11 56 -1 2.0 1 3.981 2 1.0 86 35 74 0
12 56 -1 4.0 1 6.31 1 1.0 124 35 49 0
13 56 1 2.0 5 25.119 1 1.0 252 89 49 1
14 56 -1 4.0 2 15.849 2 1.0 292 45 35 0
15 56 -1 2.0 4 3.981 1 1.0 95 71 80 0
16 56 1 4.0 5 3.981 2 1.0 140 89 45 1
17 56 -1 2.0 2 15.849 2 1.0 144 45 76 0
18 56 -1 2.0 3 6.31 1 1.0 161 56 89 1
19 56 1 4.0 2 10.0 1 1.0 165 45 33 1
20 56 1 2.0 5 10.0 1 1.0 205 89 38 1
21 56 1 2.0 2 10.0 2 1.0 117 45 53 0
22 56 -1 2.0 5 25.119 2 1.0 65 89 35 1
23 56 -1 2.0 2 39.182 1 1.0 186 45 32 0
24 56 1 4.0 2 39.182 2 1.0 257 45 42 1
25 56 -1 4.0 4 6.31 2 1.0 185 71 36 1
26 56 -1 4.0 4 39.182 2 1.0 134 71 81 1
27 56 1 2.0 4 10.0 2 1.0 202 71 79 1
28 56 1 2.0 4 39.182 1 1.0 278 71 32 1
29 56 1 2.0 5 3.981 2 1.0 59 89 40 1
30 56 1 4.0 4 10.0 2 1.0 240 71 39 1
31 56 1 2.0 2 15.849 1 1.0 193 45 47 0
32 56 1 2.0 4 3.981 1 1.0 183 71 85 1
33 56 1 2.0 4 6.31 1 1.0 198 71 84 1
34 56 1 4.0 4 10.0 1 1.0 275 71 36 1
35 56 -1 4.0 4 39.182 1 1.0 11 71 42 1
36 56 -1 2.0 1 25.119 1 1.0 179 35 79 0
37 56 1 4.0 4 3.981 1 1.0 334 71 48 0
38 56 -1 2.0 3 39.182 2 1.0 260 56 77 1
39 56 1 4.0 3 3.981 1 1.0 221 56 70 0
40 56 1 4.0 3 15.849 1 1.0 50 56 87 1
41 56 1 4.0 1 10.0 2 1.0 161 35 61 0
42 56 1 4.0 3 6.31 2 1.0 117 56 58 0
43 56 1 4.0 5 15.849 2 1.0 4 89 31 1
44 56 -1 4.0 4 10.0 2 1.0 272 71 69 0
45 56 -1 4.0 2 15.849 1 1.0 67 45 90 0
46 56 1 2.0 4 3.981 2 1.0 231 71 67 1
47 56 1 2.0 3 15.849 1 1.0 223 56 65 0
48 56 1 4.0 3 10.0 1 1.0 242 56 89 0
49 56 -1 4.0 2 3.981 1 1.0 319 45 30 0
50 56 -1 4.0 4 10.0 1 1.0 347 71 83 1
51 56 -1 2.0 2 3.981 2 1.0 3 45 74 0
52 56 -1 4.0 3 15.849 1 1.0 93 56 84 0
53 56 1 2.0 3 25.119 1 1.0 272 56 60 0
54 56 -1 2.0 5 10.0 1 1.0 242 89 49 1
55 56 1 2.0 5 10.0 2 1.0 286 89 45 1
56 56 1 2.0 5 6.31 1 1.0 305 89 58 1
57 56 -1 4.0 4 15.849 2 1.0 189 71 75 1
58 56 -1 2.0 4 6.31 2 1.0 227 71 31 0
59 56 1 2.0 2 10.0 1 1.0 262 45 52 0
60 56 1 2.0 3 10.0 2 1.0 136 56 63 0
61 56 1 2.0 5 39.182 2 1.0 98 89 65 0
62 56 1 2.0 1 3.981 1 1.0 140 35 75 0
63 56 -1 2.0 5 6.31 2 1.0 91 89 42 1
64 56 1 4.0 5 6.31 2 1.0 281 89 35 1
65 56 -1 2.0 1 6.31 2 1.0 72 35 56 0
66 56 -1 2.0 1 15.849 2 1.0 218 35 65 0
67 56 1 2.0 3 6.31 1 1.0 27 56 84 1
68 56 -1 4.0 5 6.31 1 1.0 13 89 53 1
69 56 1 4.0 5 6.31 1 1.0 122 89 69 1
70 56 1 4.0 2 10.0 2 1.0 308 45 31 0
71 56 -1 2.0 5 25.119 1 1.0 14 89 43 1
72 56 1 2.0 1 39.182 2 1.0 290 35 32 0
73 56 1 2.0 1 15.849 2 1.0 287 35 44 0
74 56 -1 4.0 1 39.182 1 1.0 168 35 58 0
75 56 -1 2.0 3 25.119 1 1.0 34 56 78 1
76 56 -1 2.0 5 3.981 1 1.0 292 89 53 0
77 56 1 4.0 2 6.31 2 1.0 216 45 38 0
78 56 1 2.0 1 25.119 2 1.0 244 35 73 0
79 56 1 4.0 1 15.849 2 1.0 343 35 35 0
80 56 -1 2.0 1 10.0 1 1.0 73 35 59 0
81 56 1 2.0 1 15.849 1 1.0 116 35 48 0
82 56 -1 4.0 4 3.981 2 1.0 260 71 86 1
83 56 -1 2.0 1 39.182 2 1.0 195 35 89 0
84 56 -1 2.0 1 3.981 1 1.0 311 35 79 0
85 56 -1 4.0 5 25.119 2 1.0 82 89 39 1
86 56 1 4.0 1 25.119 1 1.0 355 35 79 0
87 56 1 2.0 2 6.31 1 1.0 269 45 87 0
88 56 1 4.0 4 25.119 2 1.0 357 71 68 1
89 56 -1 4.0 4 25.119 1 1.0 274 71 53 1
90 56 -1 2.0 3 15.849 2 1.0 57 56 90 0
91 56 1 4.0 1 39.182 2 1.0 93 35 62 0
92 56 -1 4.0 5 3.981 1 1.0 104 89 54 1
93 56 1 2.0 4 15.849 1 1.0 64 71 48 1
94 56 1 4.0 4 25.119 1 1.0 80 71 57 0
95 56 -1 4.0 2 6.31 2 1.0 275 45 67 0
96 56 -1 4.0 3 25.119 1 1.0 140 56 32 1
97 56 1 2.0 4 39.182 2 1.0 245 71 55 1
98 56 1 2.0 3 15.849 2 1.0 130 56 61 0
99 56 -1 4.0 3 25.119 2 1.0 73 56 83 0
100 56 -1 2.0 4 10.0 1 1.0 196 71 74 1
101 56 1 2.0 2 3.981 2 1.0 241 45 66 0
102 56 -1 2.0 1 25.119 2 1.0 174 35 90 0
103 56 1 2.0 1 3.981 2 1.0 103 35 51 0
104 56 -1 2.0 4 39.182 2 1.0 357 71 49 0
105 56 -1 2.0 5 3.981 2 1.0 357 89 42 1
106 56 -1 4.0 2 25.119 2 1.0 354 45 38 0
107 56 -1 4.0 3 3.981 1 1.0 71 56 76 0
108 56 1 4.0 2 39.182 1 1.0 16 45 40 0
109 56 -1 2.0 5 39.182 1 1.0 165 89 65 1
110 56 -1 2.0 5 15.849 2 1.0 68 89 53 1
111 56 -1 4.0 1 3.981 2 1.0 87 35 67 0
112 56 -1 2.0 5 39.182 2 1.0 153 89 84 1
113 56 1 4.0 3 39.182 1 1.0 28 56 63 1
114 56 1 4.0 4 15.849 2 1.0 28 71 51 1
115 56 -1 2.0 1 6.31 1 1.0 198 35 85 0
116 56 -1 4.0 5 3.981 2 1.0 70 89 36 0
117 56 -1 4.0 1 15.849 1 1.0 251 35 47 0
118 56 -1 4.0 5 15.849 1 1.0 250 89 65 1
119 56 -1 2.0 2 3.981 1 1.0 275 45 43 0
120 56 1 4.0 1 25.119 2 1.0 46 35 66 0
121 56 -1 2.0 2 6.31 2 1.0 214 45 73 0
122 56 -1 2.0 2 10.0 1 1.0 281 45 86 0
123 56 1 2.0 3 39.182 2 1.0 160 56 35 1
124 56 1 4.0 2 25.119 2 1.0 222 45 83 0
125 56 1 2.0 4 25.119 2 1.0 218 71 83 0
126 56 1 4.0 2 3.981 2 1.0 81 45 54 0
127 56 -1 4.0 2 39.182 1 1.0 248 45 36 0
128 56 -1 2.0 3 3.981 2 1.0 106 56 37 0
129 56 1 4.0 2 15.849 2 1.0 148 45 90 0
130 56 1 2.0 5 3.981 1 1.0 329 89 46 0
131 56 1 4.0 4 39.182 1 1.0 204 71 89 1
132 56 1 4.0 3 3.981 2 1.0 352 56 79 0
133 56 -1 4.0 1 3.981 1 1.0 115 35 51 0
134 56 -1 4.0 3 10.0 1 1.0 112 56 75 1
135 56 -1 4.0 4 3.981 1 1.0 163 71 65 0
136 56 -1 2.0 3 39.182 1 1.0 16 56 84 0
137 56 -1 2.0 3 10.0 2 1.0 317 56 43 0
138 56 -1 2.0 3 25.119 2 1.0 312 56 80 0
139 56 1 4.0 2 6.31 1 1.0 353 45 36 0
140 56 -1 2.0 2 6.31 1 1.0 246 45 85 0
141 56 -1 2.0 1 10.0 2 1.0 81 35 34 0
142 56 -1 4.0 4 15.849 1 1.0 126 71 70 0
143 56 1 2.0 3 25.119 2 1.0 197 56 89 0
144 56 -1 2.0 2 39.182 2 1.0 182 45 67 0
145 56 1 4.0 5 25.119 2 1.0 271 89 49 1
146 56 -1 4.0 3 6.31 1 1.0 297 56 40 0
147 56 -1 2.0 4 3.981 2 1.0 265 71 65 0
148 56 1 4.0 1 3.981 1 1.0 344 35 45 0
149 56 1 2.0 2 6.31 2 1.0 192 45 63 0
150 56 1 4.0 3 25.119 2 1.0 280 56 43 0
151 56 1 4.0 1 15.849 1 1.0 265 35 79 0
152 56 1 2.0 3 10.0 1 1.0 207 56 84 0
153 56 1 2.0 2 39.182 1 1.0 244 45 74 0
154 56 -1 2.0 3 6.31 2 1.0 111 56 35 0
155 56 -1 2.0 4 39.182 1 1.0 198 71 59 1
156 56 1 4.0 4 6.31 2 1.0 225 71 34 1
157 56 1 4.0 5 39.182 1 1.0 240 89 67 1
158 56 1 4.0 3 6.31 1 1.0 180 56 42 0
159 56 -1 2.0 2 10.0 2 1.0 353 45 76 0
160 56 -1 4.0 5 39.182 2 1.0 341 89 83 1
161 56 -1 4.0 3 15.849 2 1.0 331 56 82 0
162 56 1 4.0 2 25.119 1 1.0 271 45 47 0
163 56 -1 4.0 1 25.119 2 1.0 15 35 40 0
164 56 1 2.0 2 15.849 2 1.0 202 45 86 0
165 56 -1 4.0 4 6.31 1 1.0 334 71 86 0
166 56 1 2.0 5 39.182 1 1.0 67 89 50 1
167 56 -1 4.0 1 10.0 2 1.0 164 35 84 0
168 56 -1 4.0 3 3.981 2 1.0 178 56 64 0
169 56 1 2.0 4 6.31 2 1.0 68 71 86 1
170 56 1 2.0 2 25.119 2 1.0 207 45 62 0
171 56 1 4.0 4 39.182 2 1.0 219 71 56 1
172 56 -1 2.0 2 25.119 2 1.0 338 45 31 0
173 56 1 2.0 4 10.0 1 1.0 25 71 63 1
174 56 -1 4.0 2 10.0 2 1.0 31 45 89 0
175 56 -1 4.0 2 3.981 2 1.0 253 45 74 0
176 56 1 4.0 3 39.182 2 1.0 359 56 42 0
177 56 1 2.0 3 3.981 1 1.0 187 56 47 0
178 56 -1 2.0 1 39.182 1 1.0 285 35 81 0
179 56 1 2.0 2 3.981 1 1.0 287 45 71 0
180 56 -1 4.0 5 10.0 2 1.0 183 89 83 1
181 56 -1 2.0 5 15.849 1 1.0 205 89 79 1
182 56 1 4.0 1 39.182 1 1.0 205 35 31 0
183 56 -1 2.0 5 10.0 2 1.0 8 89 66 1
184 56 -1 4.0 3 39.182 2 1.0 328 56 44 0
185 56 1 2.0 1 6.31 1 1.0 217 35 76 0
186 56 -1 4.0 5 10.0 1 1.0 3 89 57 1
187 56 1 4.0 1 3.981 2 1.0 277 35 40 0
188 56 1 4.0 5 15.849 1 1.0 358 89 77 1
189 56 -1 4.0 5 15.849 2 1.0 48 89 44 1
190 56 1 4.0 5 39.182 2 1.0 164 89 69 1
191 56 -1 4.0 3 6.31 2 1.0 36 56 74 0
192 56 1 2.0 1 25.119 1 1.0 130 35 76 0
193 56 1 2.0 2 39.182 2 1.0 38 45 59 0
194 56 -1 4.0 2 6.31 1 1.0 149 45 74 0
195 56 1 2.0 5 25.119 2 1.0 78 89 88 1
196 56 1 4.0 4 15.849 1 1.0 339 71 86 1
197 56 -1 4.0 5 25.119 1 1.0 164 89 32 1
198 56 -1 2.0 4 15.849 1 1.0 297 71 85 0
199 56 1 2.0 3 39.182 1 1.0 351 56 87 0
200 56 -1 2.0 4 10.0 2 1.0 89 71 74 0
201 56 -1 4.0 2 10.0 1 1.0 137 45 59 0
202 56 1 4.0 1 10.0 1 1.0 21 35 34 0
203 56 1 4.0 2 15.849 1 1.0 286 45 34 0
204 56 -1 4.0 2 39.182 2 1.0 44 45 68 0
205 56 1 2.0 5 15.849 2 1.0 123 89 45 1
206 56 -1 2.0 3 15.849 1 1.0 357 56 40 0
207 56 -1 4.0 1 6.31 2 1.0 203 35 79 0
208 56 -1 2.0 5 6.31 1 1.0 1 89 40 1
209 56 -1 4.0 4 25.119 2 1.0 29 71 65 0
210 56 1 4.0 4 6.31 1 1.0 181 71 57 1
211 56 1 2.0 3 3.981 2 1.0 43 56 65 0
212 56 1 4.0 2 3.981 1 1.0 181 45 59 0
213 56 -1 4.0 1 25.119 1 1.0 115 35 53 0
214 56 -1 4.0 1 15.849 2 1.0 289 35 66 0
215 56 -1 4.0 5 39.182 1 1.0 24 89 80 0
216 56 -1 2.0 3 3.981 1 1.0 232 56 40 0
217 56 1 4.0 3 25.119 1 1.0 106 56 66 0
218 56 1 2.0 4 15.849 2 1.0 267 71 35 0
219 56 1 2.0 1 10.0 2 1.0 265 35 53 0
220 56 -1 4.0 3 39.182 1 1.0 307 56 65 0
221 56 -1 2.0 3 10.0 1 1.0 103 56 81 0
222 56 1 4.0 5 3.981 1 1.0 280 89 44 0
223 56 1 2.0 1 10.0 1 1.0 315 35 44 0
224 56 -1 2.0 2 15.849 1 1.0 311 45 39 0
225 56 -1 2.0 4 6.31 1 1.0 0 71 65 0
226 56 1 4.0 4 3.981 2 1.0 233 71 54 0
227 56 1 4.0 5 10.0 2 1.0 208 89 76 1
228 56 1 4.0 1 6.31 2 1.0 147 35 90 0
229 56 1 4.0 1 6.31 1 1.0 345 35 48 0
230 56 -1 2.0 4 25.119 2 1.0 141 71 36 1
231 56 1 4.0 5 25.119 1 1.0 188 89 45 1
232 56 -1 4.0 1 10.0 1 1.0 246 35 54 0
233 56 1 2.0 5 15.849 1 1.0 188 89 37 1
234 56 1 2.0 2 25.119 1 1.0 36 45 62 0
235 56 1 2.0 5 6.31 2 1.0 111 89 38 1
236 56 1 2.0 3 6.31 2 1.0 213 56 77 0
237 56 -1 4.0 2 25.119 1 1.0 256 45 53 0
238 56 -1 2.0 1 15.849 1 1.0 123 35 72 0
239 56 1 4.0 5 10.0 1 1.0 164 89 80 0
240 56 -1 4.0 3 10.0 2 1.0 199 56 52 0
241 56 -1 4.0 1 6.31 1 1.0 304 35 71 0
242 56 1 4.0 2 3.981 1 1.0 150 45 46 0
243 56 -1 2.0 3 15.849 1 1.0 139 56 51 0
244 56 -1 4.0 4 15.849 1 1.0 177 71 68 0
245 56 -1 4.0 5 15.849 2 1.0 284 89 62 1
246 56 -1 4.0 2 25.119 2 1.0 285 45 70 0
247 56 -1 2.0 1 3.981 2 1.0 322 35 35 0
248 56 -1 4.0 2 6.31 1 1.0 269 45 88 0
249 56 1 4.0 4 39.182 1 1.0 275 71 86 1
250 56 -1 2.0 4 10.0 2 1.0 36 71 38 1
251 56 -1 2.0 1 25.119 1 1.0 95 35 52 0
252 56 -1 4.0 3 39.182 1 1.0 85 56 65 1
253 56 1 2.0 4 15.849 1 1.0 2 71 72 0
254 56 -1 4.0 5 15.849 1 1.0 229 89 85 1
255 56 1 2.0 4 25.119 1 1.0 127 71 72 1
256 56 1 2.0 3 3.981 2 1.0 35 56 55 0
257 56 1 4.0 4 15.849 2 1.0 294 71 50 1
258 56 -1 4.0 4 10.0 1 1.0 24 71 64 1
259 56 -1 4.0 1 39.182 2 1.0 141 35 56 0
260 56 1 4.0 5 25.119 1 1.0 288 89 69 1
261 56 1 4.0 4 25.119 2 1.0 280 71 87 1
262 56 -1 2.0 1 39.182 1 1.0 311 35 87 0
263 56 1 4.0 1 15.849 2 1.0 106 35 46 0
264 56 -1 2.0 3 10.0 2 1.0 176 56 81 1
265 56 1 4.0 2 15.849 2 1.0 262 45 33 0
266 56 1 2.0 4 39.182 1 1.0 87 71 73 1
267 56 1 2.0 3 6.31 2 1.0 47 56 79 0
268 56 1 4.0 4 10.0 2 1.0 298 71 58 1
269 56 -1 4.0 1 3.981 1 1.0 157 35 43 0
270 56 -1 2.0 3 3.981 1 1.0 82 56 34 0
271 56 1 2.0 1 25.119 1 1.0 151 35 33 0
272 56 1 2.0 4 3.981 1 1.0 66 71 74 1
273 56 1 2.0 3 10.0 1 1.0 296 56 55 1
274 56 -1 2.0 5 3.981 2 1.0 281 89 75 1
275 56 1 2.0 4 6.31 2 1.0 44 71 54 1
276 56 -1 2.0 4 6.31 2 1.0 297 71 31 1
277 56 -1 2.0 3 39.182 2 1.0 316 56 60 1
278 56 -1 4.0 3 15.849 1 1.0 155 56 58 1
279 56 1 4.0 5 15.849 2 1.0 221 89 84 1
280 56 1 4.0 5 3.981 2 1.0 318 89 46 1
281 56 -1 4.0 2 25.119 1 1.0 184 45 48 0
282 56 1 2.0 5 6.31 2 1.0 343 89 49 1
283 56 1 2.0 5 3.981 2 1.0 346 89 64 1
284 56 -1 2.0 5 10.0 2 1.0 35 89 47 1
285 56 -1 2.0 3 3.981 2 1.0 43 56 74 0
286 56 1 4.0 3 10.0 1 1.0 7 56 52 1
287 56 -1 4.0 2 3.981 1 1.0 279 45 77 0
288 56 -1 2.0 4 39.182 1 1.0 257 71 47 0
289 56 -1 4.0 1 10.0 1 1.0 101 35 40 0
290 56 -1 2.0 5 3.981 1 1.0 198 89 31 1
291 56 -1 4.0 5 3.981 2 1.0 2 89 58 1
292 56 1 4.0 4 3.981 2 1.0 185 71 66 0
293 56 -1 2.0 2 25.119 1 1.0 219 45 73 0
294 56 1 2.0 1 25.119 2 1.0 180 35 65 0
295 56 -1 2.0 1 6.31 2 1.0 296 35 79 0
296 56 1 4.0 1 25.119 2 1.0 83 35 47 0
297 56 1 4.0 2 3.981 2 1.0 187 45 87 0
298 56 1 2.0 3 10.0 2 1.0 32 56 81 0
299 56 -1 2.0 4 15.849 1 1.0 51 71 47 1
300 56 1 2.0 4 10.0 2 1.0 49 71 80 1
301 56 -1 4.0 5 10.0 2 1.0 351 89 41 0
302 56 1 2.0 3 39.182 1 1.0 111 56 57 0
303 56 -1 4.0 2 15.849 2 1.0 15 45 55 0
304 56 -1 4.0 2 15.849 1 1.0 74 45 86 0
305 56 1 4.0 1 39.182 1 1.0 205 35 48 0
306 56 -1 4.0 5 25.119 1 1.0 286 89 48 1
307 56 1 4.0 3 25.119 2 1.0 159 56 64 0
308 56 1 4.0 2 25.119 1 1.0 104 45 35 0
309 56 1 4.0 1 6.31 1 1.0 212 35 31 0
310 56 -1 4.0 4 6.31 2 1.0 200 71 57 1
311 56 1 4.0 3 15.849 1 1.0 235 56 43 1
312 56 -1 2.0 3 15.849 2 1.0 283 56 89 0
313 56 1 4.0 3 3.981 2 1.0 59 56 62 0
314 56 1 4.0 3 3.981 1 1.0 14 56 71 0
315 56 1 2.0 5 25.119 1 1.0 256 89 84 1
316 56 -1 2.0 2 39.182 2 1.0 4 45 34 0
317 56 -1 4.0 4 3.981 2 1.0 234 71 72 1
318 56 -1 4.0 1 15.849 1 1.0 190 35 72 0
319 56 1 4.0 1 10.0 1 1.0 283 35 43 0
320 56 -1 2.0 2 25.119 2 1.0 158 45 32 0
321 56 -1 2.0 4 15.849 2 1.0 294 71 45 0
322 56 1 4.0 5 3.981 1 1.0 79 89 61 0
323 56 -1 2.0 5 25.119 2 1.0 39 89 59 0
324 56 1 2.0 2 6.31 1 1.0 94 45 76 0
325 56 -1 2.0 3 25.119 2 1.0 335 56 30 0
326 56 1 4.0 5 39.182 2 1.0 212 89 70 1
327 56 -1 4.0 5 39.182 1 1.0 154 89 33 1
328 56 -1 2.0 5 39.182 1 1.0 159 89 34 1
329 56 -1 2.0 2 39.182 1 1.0 321 45 64 0
330 56 -1 2.0 3 6.31 2 1.0 180 56 85 1
331 56 1 4.0 4 6.31 2 1.0 223 71 32 1
332 56 -1 2.0 4 10.0 1 1.0 147 71 35 1
333 56 1 4.0 1 15.849 1 1.0 81 35 59 0
334 56 -1 2.0 3 39.182 1 1.0 8 56 73 0
335 56 -1 4.0 1 15.849 2 1.0 179 35 36 0
336 56 -1 2.0 2 6.31 1 1.0 100 45 89 0
337 56 1 2.0 5 25.119 2 1.0 106 89 89 1
338 56 -1 2.0 2 10.0 2 1.0 239 45 54 0
339 56 -1 4.0 3 15.849 2 1.0 43 56 42 1
340 56 -1 4.0 5 6.31 1 1.0 171 89 53 0
341 56 -1 4.0 5 39.182 2 1.0 250 89 67 1
342 56 -1 2.0 5 10.0 1 1.0 261 89 54 0
343 56 -1 4.0 3 39.182 2 1.0 213 56 77 1
344 56 1 4.0 2 25.119 2 1.0 338 45 44 0
345 56 1 2.0 5 6.31 1 1.0 318 89 85 1
346 56 -1 2.0 4 25.119 2 1.0 178 71 30 0
347 56 -1 4.0 2 10.0 2 1.0 58 45 56 0
348 56 1 2.0 3 15.849 2 1.0 33 56 73 0
349 56 -1 2.0 2 15.849 2 1.0 66 45 78 0
350 56 1 4.0 5 15.849 1 1.0 163 89 74 1
351 56 1 2.0 3 15.849 1 1.0 158 56 64 0
352 56 1 4.0 3 39.182 1 1.0 199 56 77 1
353 56 -1 4.0 1 10.0 2 1.0 18 35 71 0
354 56 -1 2.0 1 10.0 1 1.0 268 35 61 0
355 56 -1 4.0 2 6.31 2 1.0 16 45 88 0
356 56 -1 4.0 4 3.981 1 1.0 99 71 49 0
357 56 1 4.0 4 39.182 2 1.0 307 71 64 1
358 56 -1 4.0 5 25.119 2 1.0 279 89 81 1
359 56 1 2.0 4 39.182 2 1.0 154 71 65 1
360 56 1 2.0 1 6.31 2 1.0 213 35 47 0
361 56 -1 2.0 2 10.0 1 1.0 359 45 30 1
362 56 1 4.0 5 6.31 1 1.0 252 89 82 1
363 56 1 4.0 5 6.31 2 1.0 233 89 69 1
364 56 -1 2.0 5 6.31 1 1.0 164 89 66 1
365 56 1 2.0 3 6.31 1 1.0 169 56 75 1
366 56 1 2.0 2 3.981 1 1.0 202 45 35 0
367 56 -1 2.0 4 3.981 2 1.0 120 71 64 0
368 56 1 2.0 1 6.31 1 1.0 139 35 35 0
369 56 1 4.0 5 25.119 2 1.0 298 89 50 1
370 56 -1 4.0 4 6.31 1 1.0 319 71 73 0
371 56 1 4.0 2 6.31 2 1.0 296 45 52 0
372 56 1 4.0 4 6.31 1 1.0 201 71 36 0
373 56 -1 4.0 5 10.0 1 1.0 144 89 75 0
374 56 1 4.0 5 39.182 1 1.0 273 89 37 1
375 56 1 2.0 5 15.849 1 1.0 230 89 56 0
376 56 1 2.0 2 3.981 2 1.0 294 45 38 0
377 56 1 4.0 2 39.182 2 1.0 157 45 54 1
378 56 1 2.0 5 3.981 1 1.0 261 89 81 1
379 56 1 2.0 5 39.182 1 1.0 76 89 43 1
380 56 -1 4.0 5 6.31 2 1.0 16 89 89 1
381 56 1 4.0 1 3.981 2 1.0 17 35 43 0
382 56 1 2.0 4 3.981 2 1.0 266 71 84 0
383 56 1 4.0 1 39.182 2 1.0 163 35 84 0
384 56 -1 4.0 3 6.31 1 1.0 120 56 81 0
385 56 -1 4.0 1 6.31 2 1.0 13 35 52 0
386 56 -1 2.0 2 15.849 1 1.0 214 45 34 0
387 56 -1 4.0 1 25.119 2 1.0 165 35 69 0
388 56 1 2.0 2 15.849 2 1.0 281 45 90 0
389 56 1 4.0 2 15.849 1 1.0 97 45 82 0
390 56 1 4.0 1 10.0 2 1.0 43 35 70 0
391 56 -1 4.0 4 15.849 2 1.0 127 71 60 1
392 56 -1 4.0 1 39.182 1 1.0 228 35 59 0
393 56 1 2.0 3 3.981 1 1.0 305 56 55 1
394 56 1 4.0 4 10.0 1 1.0 153 71 66 1
395 56 1 2.0 1 3.981 2 1.0 136 35 45 0
396 56 -1 4.0 5 3.981 1 1.0 304 89 76 1
397 56 1 2.0 4 10.0 1 1.0 105 71 81 1
398 56 1 2.0 2 25.119 1 1.0 43 45 31 0
399 56 -1 2.0 1 15.849 1 1.0 181 35 59 0
400 56 -1 2.0 4 25.119 1 1.0 328 71 55 1
401 56 1 2.0 2 25.119 2 1.0 347 45 76 0
402 56 -1 4.0 3 6.31 2 1.0 224 56 71 0
403 56 -1 2.0 3 10.0 1 1.0 318 56 76 1
404 56 1 4.0 2 10.0 1 1.0 189 45 32 0
405 56 1 2.0 5 15.849 2 1.0 138 89 32 1
406 56 1 4.0 4 15.849 1 1.0 237 71 63 1
407 56 1 4.0 2 39.182 1 1.0 104 45 80 0
408 56 -1 4.0 3 3.981 2 1.0 125 56 74 0
409 56 1 4.0 4 25.119 1 1.0 295 71 55 1
410 56 1 4.0 2 6.31 1 1.0 274 45 49 0
411 56 1 4.0 4 3.981 1 1.0 67 71 68 1
412 56 1 4.0 3 39.182 2 1.0 87 56 50 0
413 56 -1 2.0 5 15.849 1 1.0 140 89 58 1
414 56 -1 4.0 2 3.981 2 1.0 229 45 63 0
415 56 -1 2.0 4 39.182 2 1.0 188 71 51 1
416 56 1 2.0 1 10.0 1 1.0 302 35 61 0
417 56 1 4.0 1 3.981 1 1.0 75 35 45 0
418 56 1 2.0 5 39.182 2 1.0 131 89 81 1
419 56 1 2.0 2 39.182 1 1.0 276 45 61 0
420 56 1 4.0 5 10.0 1 1.0 22 89 59 0
421 56 -1 4.0 4 10.0 2 1.0 132 71 47 1
422 56 -1 4.0 2 39.182 1 1.0 139 45 60 0
423 56 1 2.0 2 15.849 1 1.0 299 45 73 0
424 56 1 2.0 4 25.119 2 1.0 210 71 53 1
425 56 1 2.0 5 10.0 1 1.0 351 89 37 1
426 56 1 4.0 3 10.0 2 1.0 248 56 31 0
427 56 -1 2.0 1 15.849 2 1.0 159 35 52 0
428 56 1 2.0 3 25.119 1 1.0 230 56 80 1
429 56 1 4.0 1 25.119 1 1.0 101 35 45 0
430 56 1 4.0 1 6.31 2 1.0 293 35 82 0
431 56 1 2.0 1 15.849 2 1.0 266 35 69 0
432 56 -1 2.0 5 39.182 2 1.0 248 89 35 1
433 56 1 2.0 1 10.0 2 1.0 69 35 49 0
434 56 -1 2.0 1 6.31 1 1.0 308 35 69 0
435 56 -1 2.0 4 6.31 1 1.0 93 71 40 1
436 56 1 4.0 5 10.0 2 1.0 74 89 61 1
437 56 -1 2.0 1 25.119 2 1.0 309 35 75 0
438 56 1 4.0 3 6.31 1 1.0 71 56 77 0
439 56 -1 2.0 2 3.981 1 1.0 322 45 76 0
440 56 -1 4.0 4 25.119 1 1.0 177 71 90 0
441 56 1 4.0 2 10.0 2 1.0 332 45 85 0
442 56 -1 4.0 3 3.981 1 1.0 115 56 58 0
443 56 1 2.0 4 15.849 2 1.0 356 71 34 1
444 56 1 2.0 2 6.31 2 1.0 268 45 78 0
445 56 1 2.0 2 10.0 2 1.0 256 45 83 0
446 56 -1 4.0 3 10.0 2 1.0 283 56 80 0
447 56 -1 2.0 2 6.31 2 1.0 101 45 75 0
448 56 -1 4.0 3 25.119 2 1.0 135 56 70 1
449 56 -1 2.0 2 3.981 2 1.0 178 45 30 0
450 56 1 4.0 3 25.119 1 1.0 284 56 80 0
451 56 1 2.0 4 6.31 1 1.0 47 71 68 0
452 56 -1 4.0 1 25.119 1 1.0 287 35 36 0
453 56 -1 4.0 3 25.119 1 1.0 106 56 48 1
454 56 -1 4.0 2 39.182 2 1.0 124 45 69 0
455 56 1 2.0 5 10.0 2 1.0 131 89 57 1
456 56 1 2.0 1 3.981 1 1.0 273 35 31 0
457 56 -1 2.0 1 3.981 1 1.0 252 35 62 0
458 56 -1 2.0 3 25.119 1 1.0 66 56 60 1
459 56 -1 4.0 2 10.0 1 1.0 152 45 78 0
460 56 1 2.0 2 39.182 2 1.0 6 45 35 1
461 56 -1 4.0 4 25.119 2 1.0 73 71 40 1
462 56 -1 2.0 5 15.849 2 1.0 324 89 71 1
463 56 -1 2.0 5 6.31 2 1.0 329 89 73 1
464 56 1 2.0 1 39.182 1 1.0 31 35 57 0
465 56 -1 2.0 5 25.119 1 1.0 135 89 63 1
466 56 1 2.0 3 39.182 2 1.0 13 56 69 0
467 56 1 4.0 3 15.849 2 1.0 21 56 48 0
468 56 -1 2.0 4 3.981 1 1.0 47 71 35 1
469 56 1 4.0 3 6.31 2 1.0 101 56 66 0
470 56 1 2.0 2 10.0 1 1.0 254 45 84 0
471 56 -1 4.0 3 10.0 1 1.0 315 56 58 1
472 56 -1 4.0 1 3.981 2 1.0 350 35 69 0
473 56 1 2.0 1 39.182 2 1.0 11 35 75 0
474 56 -1 2.0 3 6.31 1 1.0 43 56 43 1
475 56 1 2.0 3 25.119 2 1.0 304 56 64 0
476 56 -1 2.0 1 39.182 2 1.0 140 35 61 1
477 56 -1 4.0 4 39.182 2 1.0 97 71 83 1
478 56 -1 2.0 1 10.0 2 1.0 51 35 88 0
479 56 -1 4.0 4 39.182 1 1.0 314 71 72 1
480 56 1 2.0 1 15.849 1 1.0 122 35 72 0
