trial durationTest direction radius durationComparison speed number size iniAngle1 durComp onset response
1 56 1 4.0 1 39.182 1 1.0 39 35 67 0
2 56 1 4.0 3 15.849 1 1.0 36 56 45 0
3 56 -1 4.0 4 6.31 2 1.0 333 71 37 1
4 56 1 2.0 1 10.0 2 1.0 188 35 86 0
5 56 -1 2.0 2 6.31 2 1.0 255 45 72 0
6 56 -1 2.0 1 6.31 1 1.0 165 35 85 0
7 56 -1 4.0 2 39.182 2 1.0 274 45 85 0
8 56 1 4.0 2 10.0 1 1.0 6 45 39 1
9 56 1 4.0 3 39.182 2 1.0 185 56 57 1
10 56 1 2.0 4 39.182 2 1.0 92 71 75 1
11 56 -1 4.0 1 15.849 2 1.0 97 35 57 0
12 56 -1 4.0 3 6.31 2 1.0 234 56 86 1
13 56 -1 4.0 2 3.981 2 1.0 295 45 63 0
14 56 -1 2.0 4 25.119 1 1.0 247 71 35 1
15 56 -1 2.0 3 39.182 2 1.0 345 56 71 1
16 56 1 4.0 4 3.981 2 1.0 316 71 67 1
17 56 1 4.0 1 10.0 1 1.0 277 35 82 0
18 56 1 2.0 5 39.182 1 1.0 281 89 50 1
19 56 -1 2.0 1 15.849 2 1.0 234 35 86 0
20 56 1 4.0 4 15.849 1 1.0 157 71 60 1
21 56 -1 4.0 5 6.31 1 1.0 196 89 31 1
22 56 1 4.0 1 15.849 1 1.0 333 35 56 0
23 56 1 2.0 5 25.119 1 1.0 173 89 61 1
24 56 -1 2.0 2 15.849 2 1.0 258 45 55 0
25 56 -1 4.0 2 3.981 1 1.0 78 45 74 0
26 56 1 4.0 5 25.119 2 1.0 97 89 80 1
27 56 -1 4.0 4 25.119 2 1.0 60 71 44 1
28 56 1 4.0 4 39.182 2 1.0 216 71 57 1
29 56 1 2.0 2 39.182 1 1.0 341 45 38 0
30 56 1 4.0 4 3.981 1 1.0 289 71 34 1
31 56 -1 2.0 3 3.981 1 1.0 206 56 65 0
32 56 1 4.0 1 10.0 2 1.0 56 35 69 0
33 56 1 2.0 2 15.849 2 1.0 359 45 38 0
34 56 -1 4.0 1 3.981 2 1.0 206 35 63 0
35 56 1 4.0 2 15.849 2 1.0 348 45 74 0
36 56 -1 4.0 5 15.849 2 1.0 131 89 59 1
37 56 1 2.0 5 6.31 2 1.0 154 89 84 1
38 56 1 2.0 2 6.31 2 1.0 54 45 90 0
39 56 1 4.0 1 3.981 2 1.0 24 35 52 0
40 56 1 4.0 5 3.981 2 1.0 40 89 69 1
41 56 -1 4.0 3 3.981 2 1.0 139 56 30 0
42 56 1 4.0 2 10.0 2 1.0 229 45 41 0
43 56 -1 2.0 2 10.0 2 1.0 41 45 42 1
44 56 -1 2.0 4 25.119 2 1.0 74 71 75 1
45 56 -1 4.0 3 3.981 1 1.0 303 56 65 1
46 56 -1 4.0 5 25.119 2 1.0 193 89 37 1
47 56 -1 2.0 2 6.31 1 1.0 21 45 38 0
48 56 -1 2.0 5 25.119 1 1.0 86 89 61 1
49 56 1 2.0 1 25.119 2 1.0 151 35 86 0
50 56 -1 2.0 5 25.119 2 1.0 311 89 59 1
51 56 -1 4.0 3 10.0 1 1.0 216 56 62 1
52 56 -1 2.0 3 39.182 1 1.0 122 56 35 1
53 56 -1 4.0 4 15.849 2 1.0 201 71 81 0
54 56 1 4.0 5 25.119 1 1.0 264 89 40 1
55 56 -1 4.0 5 39.182 1 1.0 36 89 86 1
56 56 -1 4.0 1 15.849 1 1.0 329 35 84 0
57 56 1 2.0 1 15.849 1 1.0 47 35 36 0
58 56 1 2.0 3 25.119 2 1.0 42 56 85 1
59 56 -1 4.0 2 10.0 1 1.0 110 45 86 0
60 56 1 2.0 1 3.981 2 1.0 16 35 73 0
61 56 -1 2.0 3 10.0 2 1.0 163 56 32 1
62 56 1 4.0 1 39.182 2 1.0 282 35 68 0
63 56 -1 4.0 3 25.119 1 1.0 88 56 74 1
64 56 1 2.0 1 39.182 1 1.0 111 35 50 1
65 56 1 2.0 1 15.849 2 1.0 83 35 30 0
66 56 -1 2.0 1 10.0 1 1.0 1 35 77 0
67 56 1 2.0 5 15.849 1 1.0 199 89 30 1
68 56 1 4.0 3 25.119 1 1.0 43 56 35 1
69 56 1 2.0 2 3.981 2 1.0 278 45 80 0
70 56 -1 4.0 4 3.981 1 1.0 308 71 41 0
71 56 1 4.0 3 3.981 2 1.0 221 56 37 0
72 56 -1 2.0 3 3.981 2 1.0 128 56 68 1
73 56 1 2.0 4 39.182 1 1.0 242 71 86 1
74 56 -1 2.0 4 15.849 2 1.0 162 71 87 1
75 56 -1 2.0 1 6.31 2 1.0 246 35 80 0
76 56 -1 2.0 3 6.31 2 1.0 59 56 74 1
77 56 1 4.0 3 25.119 2 1.0 255 56 55 1
78 56 1 2.0 4 6.31 1 1.0 210 71 61 1
79 56 1 2.0 5 15.849 2 1.0 300 89 81 1
80 56 -1 4.0 3 39.182 2 1.0 355 56 76 0
81 56 1 2.0 2 25.119 1 1.0 250 45 84 0
82 56 1 2.0 5 3.981 1 1.0 23 89 44 1
83 56 -1 2.0 1 3.981 1 1.0 14 35 73 1
84 56 -1 2.0 4 3.981 2 1.0 49 71 36 1
85 56 1 2.0 1 25.119 1 1.0 8 35 45 0
86 56 1 2.0 4 3.981 2 1.0 333 71 31 1
87 56 -1 4.0 2 15.849 1 1.0 8 45 83 1
88 56 -1 2.0 5 39.182 2 1.0 75 89 39 1
89 56 1 4.0 3 3.981 1 1.0 164 56 47 0
90 56 -1 4.0 1 6.31 2 1.0 185 35 49 0
91 56 -1 4.0 3 6.31 1 1.0 237 56 47 1
92 56 1 2.0 3 39.182 1 1.0 181 56 84 1
93 56 -1 4.0 2 39.182 1 1.0 10 45 36 0
94 56 1 2.0 5 25.119 2 1.0 98 89 34 1
95 56 1 2.0 4 15.849 1 1.0 144 71 36 1
96 56 1 4.0 2 25.119 2 1.0 64 45 72 0
97 56 1 4.0 1 6.31 2 1.0 185 35 33 0
98 56 1 4.0 3 10.0 1 1.0 23 56 73 1
99 56 1 2.0 5 10.0 2 1.0 241 89 48 1
100 56 1 2.0 4 10.0 2 1.0 37 71 70 0
101 56 -1 4.0 2 6.31 1 1.0 244 45 89 0
102 56 1 4.0 2 3.981 1 1.0 24 45 78 0
103 56 1 2.0 3 39.182 2 1.0 289 56 82 1
104 56 1 4.0 2 39.182 1 1.0 124 45 66 0
105 56 1 2.0 4 15.849 2 1.0 41 71 75 1
106 56 1 2.0 3 6.31 2 1.0 97 56 34 0
107 56 1 2.0 5 6.31 1 1.0 0 89 48 0
108 56 1 4.0 1 25.119 2 1.0 240 35 59 0
109 56 -1 4.0 5 10.0 2 1.0 114 89 63 1
110 56 1 2.0 4 25.119 2 1.0 191 71 50 1
111 56 1 4.0 4 6.31 1 1.0 307 71 76 1
112 56 1 2.0 2 6.31 1 1.0 181 45 70 0
113 56 -1 2.0 3 25.119 2 1.0 69 56 88 0
114 56 1 2.0 5 10.0 1 1.0 63 89 89 1
115 56 1 4.0 4 25.119 2 1.0 212 71 50 1
116 56 -1 4.0 5 25.119 1 1.0 183 89 54 1
117 56 1 2.0 2 39.182 2 1.0 111 45 47 1
118 56 1 2.0 2 3.981 1 1.0 194 45 81 0
119 56 -1 4.0 1 6.31 1 1.0 217 35 34 0
120 56 -1 2.0 2 25.119 2 1.0 17 45 64 0
121 56 -1 2.0 2 39.182 1 1.0 206 45 39 0
122 56 1 2.0 2 25.119 2 1.0 329 45 81 0
123 56 -1 2.0 3 6.31 1 1.0 247 56 64 0
124 56 -1 4.0 5 15.849 1 1.0 176 89 71 1
125 56 1 4.0 3 6.31 1 1.0 310 56 74 0
126 56 -1 2.0 2 10.0 1 1.0 64 45 41 0
127 56 1 2.0 4 3.981 1 1.0 305 71 78 0
128 56 1 2.0 1 6.31 2 1.0 271 35 68 0
129 56 -1 4.0 1 25.119 1 1.0 340 35 60 0
130 56 -1 4.0 5 39.182 2 1.0 314 89 52 1
131 56 1 4.0 4 10.0 1 1.0 84 71 84 1
132 56 1 2.0 3 3.981 1 1.0 140 56 83 0
133 56 -1 4.0 5 3.981 2 1.0 124 89 30 0
134 56 -1 4.0 2 6.31 2 1.0 150 45 40 0
135 56 1 4.0 1 3.981 1 1.0 94 35 65 0
136 56 -1 2.0 4 15.849 1 1.0 345 71 61 1
137 56 -1 2.0 2 39.182 2 1.0 164 45 38 1
138 56 -1 2.0 1 10.0 2 1.0 36 35 90 0
139 56 1 2.0 1 3.981 1 1.0 207 35 34 0
140 56 1 2.0 3 25.119 1 1.0 238 56 32 0
141 56 1 4.0 4 39.182 1 1.0 38 71 39 0
142 56 1 2.0 5 3.981 2 1.0 332 89 34 1
143 56 1 2.0 1 10.0 1 1.0 260 35 79 0
144 56 1 4.0 4 10.0 2 1.0 194 71 35 1
145 56 -1 4.0 3 15.849 2 1.0 286 56 71 0
146 56 1 2.0 3 15.849 1 1.0 62 56 52 0
147 56 -1 2.0 2 3.981 1 1.0 331 45 86 0
148 56 -1 4.0 1 39.182 1 1.0 347 35 70 0
149 56 -1 4.0 1 39.182 2 1.0 172 35 54 0
150 56 -1 4.0 4 39.182 1 1.0 222 71 60 1
151 56 -1 4.0 1 25.119 2 1.0 134 35 82 0
152 56 -1 2.0 3 25.119 1 1.0 234 56 67 0
153 56 -1 2.0 4 3.981 1 1.0 101 71 51 0
154 56 1 4.0 3 6.31 2 1.0 352 56 69 0
155 56 -1 4.0 3 15.849 1 1.0 341 56 35 0
156 56 1 2.0 1 6.31 1 1.0 126 35 36 0
157 56 -1 2.0 2 15.849 1 1.0 113 45 87 0
158 56 1 4.0 5 6.31 2 1.0 229 89 90 1
159 56 1 2.0 4 10.0 1 1.0 52 71 72 1
160 56 -1 4.0 4 10.0 1 1.0 71 71 56 1
161 56 -1 4.0 5 6.31 2 1.0 108 89 34 1
162 56 -1 4.0 5 3.981 1 1.0 120 89 42 1
163 56 1 4.0 4 15.849 2 1.0 131 71 34 1
164 56 -1 2.0 4 39.182 1 1.0 60 71 49 1
165 56 1 4.0 5 3.981 1 1.0 217 89 50 1
166 56 -1 2.0 1 39.182 1 1.0 160 35 36 0
167 56 1 4.0 2 6.31 1 1.0 349 45 88 0
168 56 1 2.0 2 10.0 1 1.0 30 45 41 0
169 56 -1 4.0 4 6.31 1 1.0 157 71 32 0
170 56 -1 4.0 1 10.0 2 1.0 7 35 55 0
171 56 -1 2.0 1 25.119 1 1.0 15 35 32 0
172 56 1 4.0 5 39.182 1 1.0 55 89 71 0
173 56 -1 2.0 5 15.849 2 1.0 335 89 86 1
174 56 -1 2.0 4 39.182 2 1.0 99 71 33 1
175 56 -1 4.0 2 15.849 2 1.0 166 45 65 0
176 56 1 4.0 2 3.981 2 1.0 132 45 61 0
177 56 -1 4.0 5 10.0 1 1.0 34 89 90 1
178 56 1 4.0 2 15.849 1 1.0 289 45 32 1
179 56 -1 4.0 4 25.119 1 1.0 107 71 77 1
180 56 1 4.0 5 10.0 2 1.0 215 89 37 1
181 56 1 4.0 2 6.31 2 1.0 204 45 39 0
182 56 -1 4.0 4 10.0 2 1.0 280 71 84 1
183 56 -1 2.0 3 15.849 2 1.0 140 56 82 0
184 56 1 2.0 3 3.981 2 1.0 254 56 66 0
185 56 -1 2.0 1 39.182 2 1.0 14 35 80 0
186 56 1 2.0 4 6.31 2 1.0 241 71 80 0
187 56 -1 2.0 4 6.31 2 1.0 172 71 31 0
188 56 -1 4.0 1 10.0 1 1.0 229 35 82 0
189 56 -1 4.0 3 39.182 1 1.0 298 56 40 0
190 56 1 4.0 5 15.849 2 1.0 102 89 42 1
191 56 1 4.0 5 39.182 2 1.0 112 89 76 1
192 56 -1 4.0 2 10.0 2 1.0 220 45 53 0
193 56 -1 2.0 3 15.849 1 1.0 330 56 30 0
194 56 -1 2.0 4 10.0 2 1.0 293 71 39 1
195 56 -1 2.0 5 3.981 2 1.0 94 89 86 1
196 56 -1 4.0 4 39.182 2 1.0 64 71 64 1
197 56 1 4.0 2 25.119 1 1.0 351 45 54 0
198 56 1 2.0 5 39.182 2 1.0 56 89 32 1
199 56 -1 4.0 3 25.119 2 1.0 293 56 47 0
200 56 -1 2.0 4 10.0 1 1.0 324 71 83 1
201 56 -1 2.0 5 10.0 2 1.0 235 89 68 1
202 56 1 2.0 3 10.0 1 1.0 347 56 89 0
203 56 -1 2.0 5 15.849 1 1.0 90 89 34 1
204 56 1 2.0 3 15.849 2 1.0 151 56 48 0
205 56 1 4.0 2 39.182 2 1.0 271 45 46 0
206 56 -1 2.0 5 6.31 2 1.0 320 89 53 1
207 56 1 4.0 3 10.0 2 1.0 134 56 72 0
208 56 -1 2.0 1 15.849 1 1.0 178 35 82 0
209 56 1 4.0 5 10.0 1 1.0 347 89 54 1
210 56 -1 4.0 3 10.0 2 1.0 57 56 74 1
211 56 1 4.0 3 39.182 1 1.0 107 56 33 1
212 56 -1 2.0 1 25.119 2 1.0 111 35 80 0
213 56 -1 2.0 5 3.981 1 1.0 110 89 67 1
214 56 -1 2.0 5 39.182 1 1.0 130 89 51 1
215 56 1 4.0 1 25.119 1 1.0 44 35 84 0
216 56 1 4.0 4 25.119 1 1.0 285 71 75 1
217 56 1 2.0 4 25.119 1 1.0 329 71 56 1
218 56 -1 4.0 4 3.981 2 1.0 94 71 71 1
219 56 -1 4.0 4 15.849 1 1.0 49 71 68 1
220 56 1 2.0 2 15.849 1 1.0 307 45 66 0
221 56 1 4.0 5 6.31 1 1.0 0 89 80 0
222 56 1 2.0 3 6.31 1 1.0 254 56 48 0
223 56 1 4.0 1 6.31 1 1.0 308 35 83 0
224 56 -1 4.0 2 25.119 2 1.0 223 45 72 0
225 56 -1 2.0 5 6.31 1 1.0 327 89 45 1
226 56 -1 4.0 1 3.981 1 1.0 1 35 40 0
227 56 -1 2.0 2 25.119 1 1.0 347 45 84 1
228 56 -1 2.0 2 3.981 2 1.0 61 45 89 0
229 56 1 2.0 2 10.0 2 1.0 214 45 68 0
230 56 -1 2.0 5 10.0 1 1.0 276 89 52 1
231 56 -1 2.0 1 3.981 2 1.0 265 35 63 0
232 56 -1 2.0 4 6.31 1 1.0 153 71 52 1
233 56 -1 2.0 3 10.0 1 1.0 56 56 43 1
234 56 1 4.0 4 6.31 2 1.0 64 71 49 1
235 56 1 4.0 5 15.849 1 1.0 106 89 84 1
236 56 1 2.0 3 10.0 2 1.0 309 56 51 0
237 56 1 4.0 3 15.849 2 1.0 135 56 32 0
238 56 -1 4.0 2 25.119 1 1.0 7 45 39 0
239 56 1 4.0 1 15.849 2 1.0 280 35 65 0
240 56 1 2.0 1 39.182 2 1.0 233 35 34 0
241 56 1 2.0 2 10.0 1 1.0 243 45 72 0
242 56 1 4.0 5 39.182 1 1.0 12 89 72 1
243 56 1 2.0 2 3.981 1 1.0 147 45 73 0
244 56 -1 4.0 2 15.849 1 1.0 307 45 81 0
245 56 -1 2.0 1 39.182 2 1.0 303 35 58 1
246 56 -1 4.0 5 3.981 1 1.0 139 89 49 0
247 56 1 2.0 4 3.981 2 1.0 96 71 51 0
248 56 1 4.0 3 15.849 2 1.0 10 56 83 0
249 56 1 4.0 3 25.119 2 1.0 281 56 44 1
250 56 1 2.0 1 25.119 1 1.0 245 35 86 0
251 56 1 4.0 4 15.849 1 1.0 146 71 66 0
252 56 1 2.0 1 25.119 2 1.0 115 35 58 0
253 56 1 2.0 1 3.981 1 1.0 103 35 47 0
254 56 -1 4.0 1 15.849 2 1.0 172 35 72 0
255 56 -1 2.0 3 15.849 2 1.0 74 56 75 1
256 56 1 4.0 4 10.0 2 1.0 185 71 41 1
257 56 -1 4.0 3 25.119 1 1.0 113 56 43 0
258 56 -1 2.0 2 25.119 1 1.0 68 45 30 0
259 56 -1 4.0 2 3.981 1 1.0 71 45 61 0
260 56 1 4.0 1 6.31 2 1.0 317 35 42 0
261 56 -1 4.0 3 15.849 1 1.0 346 56 42 0
262 56 -1 4.0 2 3.981 2 1.0 206 45 63 0
263 56 1 4.0 5 15.849 2 1.0 66 89 64 1
264 56 -1 4.0 4 3.981 1 1.0 154 71 34 0
265 56 1 2.0 4 15.849 2 1.0 134 71 67 0
266 56 -1 2.0 5 39.182 1 1.0 44 89 76 1
267 56 -1 4.0 1 25.119 2 1.0 345 35 38 0
268 56 1 2.0 3 39.182 2 1.0 235 56 66 1
269 56 1 4.0 3 10.0 2 1.0 145 56 65 1
270 56 1 2.0 3 25.119 2 1.0 56 56 32 0
271 56 1 4.0 5 39.182 2 1.0 14 89 72 0
272 56 -1 4.0 1 3.981 1 1.0 2 35 65 0
273 56 1 4.0 5 10.0 2 1.0 179 89 89 1
274 56 1 4.0 5 3.981 1 1.0 319 89 90 0
275 56 -1 4.0 4 3.981 2 1.0 233 71 84 0
276 56 -1 2.0 5 6.31 1 1.0 137 89 52 1
277 56 -1 2.0 3 39.182 2 1.0 148 56 79 1
278 56 -1 4.0 3 6.31 1 1.0 235 56 59 0
279 56 1 4.0 4 6.31 1 1.0 213 71 35 0
280 56 -1 2.0 3 10.0 1 1.0 132 56 60 1
281 56 1 4.0 1 15.849 2 1.0 280 35 34 0
282 56 -1 4.0 5 6.31 1 1.0 104 89 79 1
283 56 1 2.0 2 25.119 1 1.0 55 45 66 1
284 56 -1 4.0 5 6.31 2 1.0 100 89 76 1
285 56 1 4.0 2 3.981 2 1.0 89 45 60 0
286 56 -1 2.0 4 3.981 1 1.0 306 71 44 0
287 56 1 4.0 1 15.849 1 1.0 101 35 42 0
288 56 -1 2.0 3 15.849 1 1.0 69 56 43 0
289 56 -1 2.0 4 25.119 2 1.0 346 71 45 1
290 56 1 2.0 3 10.0 1 1.0 319 56 69 1
291 56 1 2.0 3 10.0 2 1.0 120 56 38 1
292 56 -1 4.0 1 39.182 2 1.0 359 35 37 0
293 56 1 2.0 2 3.981 2 1.0 230 45 53 0
294 56 -1 2.0 4 6.31 2 1.0 286 71 85 1
295 56 1 4.0 1 3.981 1 1.0 75 35 41 0
296 56 -1 4.0 5 39.182 1 1.0 50 89 47 1
297 56 -1 2.0 3 3.981 2 1.0 106 56 35 0
298 56 1 2.0 5 15.849 2 1.0 228 89 60 1
299 56 -1 4.0 5 10.0 1 1.0 260 89 88 0
300 56 1 2.0 5 6.31 2 1.0 285 89 39 0
301 56 1 2.0 3 39.182 1 1.0 303 56 56 1
302 56 -1 4.0 1 3.981 2 1.0 38 35 72 0
303 56 1 2.0 4 10.0 1 1.0 48 71 83 0
304 56 -1 4.0 4 15.849 2 1.0 154 71 33 1
305 56 1 2.0 3 25.119 1 1.0 72 56 60 1
306 56 -1 2.0 4 10.0 2 1.0 110 71 61 0
307 56 -1 4.0 1 25.119 1 1.0 296 35 83 0
308 56 1 2.0 3 15.849 2 1.0 155 56 72 0
309 56 1 4.0 4 3.981 1 1.0 242 71 61 0
310 56 1 2.0 5 39.182 1 1.0 120 89 63 1
311 56 -1 4.0 2 39.182 1 1.0 209 45 32 1
312 56 -1 4.0 2 6.31 1 1.0 56 45 87 0
313 56 -1 4.0 2 10.0 2 1.0 160 45 64 0
314 56 -1 2.0 3 10.0 2 1.0 132 56 59 1
315 56 1 4.0 4 25.119 2 1.0 104 71 53 1
316 56 -1 4.0 4 6.31 1 1.0 323 71 73 1
317 56 1 2.0 5 25.119 2 1.0 357 89 30 1
318 56 -1 2.0 2 39.182 2 1.0 133 45 80 1
319 56 -1 2.0 3 39.182 1 1.0 7 56 62 1
320 56 -1 2.0 5 25.119 1 1.0 344 89 87 1
321 56 1 2.0 4 25.119 1 1.0 43 71 48 1
322 56 1 2.0 2 6.31 1 1.0 31 45 42 0
323 56 1 2.0 2 15.849 1 1.0 245 45 62 0
324 56 -1 2.0 4 10.0 1 1.0 228 71 86 0
325 56 -1 4.0 2 6.31 2 1.0 221 45 74 0
326 56 1 4.0 3 6.31 1 1.0 318 56 90 0
327 56 1 2.0 5 25.119 1 1.0 83 89 70 1
328 56 -1 2.0 5 15.849 2 1.0 40 89 87 1
329 56 1 4.0 2 10.0 2 1.0 299 45 45 0
330 56 -1 2.0 2 10.0 2 1.0 196 45 70 0
331 56 -1 4.0 5 3.981 2 1.0 124 89 79 1
332 56 1 2.0 4 25.119 2 1.0 283 71 54 1
333 56 -1 4.0 5 15.849 1 1.0 1 89 83 1
334 56 1 4.0 2 15.849 1 1.0 276 45 41 0
335 56 1 4.0 3 3.981 1 1.0 285 56 83 0
336 56 -1 2.0 3 6.31 1 1.0 106 56 40 0
337 56 1 4.0 5 25.119 2 1.0 275 89 84 1
338 56 1 4.0 5 3.981 2 1.0 208 89 90 1
339 56 -1 2.0 4 39.182 2 1.0 17 71 37 1
340 56 1 4.0 2 39.182 1 1.0 35 45 72 0
341 56 -1 2.0 4 15.849 2 1.0 203 71 68 0
342 56 1 4.0 2 39.182 2 1.0 117 45 76 1
343 56 1 2.0 3 3.981 2 1.0 74 56 55 0
344 56 -1 4.0 4 25.119 1 1.0 106 71 71 1
345 56 1 2.0 4 3.981 1 1.0 149 71 30 0
346 56 -1 2.0 1 39.182 1 1.0 7 35 81 0
347 56 1 4.0 1 6.31 1 1.0 238 35 57 0
348 56 -1 2.0 4 39.182 1 1.0 306 71 53 1
349 56 -1 2.0 2 3.981 2 1.0 258 45 41 0
350 56 1 4.0 2 25.119 1 1.0 158 45 45 0
351 56 -1 2.0 4 3.981 2 1.0 345 71 35 0
352 56 1 2.0 2 6.31 2 1.0 3 45 49 0
353 56 1 2.0 4 6.31 2 1.0 33 71 35 0
354 56 1 4.0 2 15.849 2 1.0 52 45 42 0
355 56 1 2.0 1 10.0 2 1.0 306 35 90 0
356 56 1 2.0 1 15.849 1 1.0 263 35 90 0
357 56 -1 2.0 3 3.981 1 1.0 108 56 45 0
358 56 -1 4.0 5 10.0 2 1.0 307 89 88 1
359 56 -1 2.0 3 6.31 2 1.0 210 56 50 0
360 56 1 4.0 2 6.31 1 1.0 176 45 66 0
361 56 -1 2.0 1 15.849 1 1.0 26 35 72 0
362 56 -1 4.0 3 3.981 2 1.0 47 56 59 0
363 56 1 4.0 5 25.119 1 1.0 152 89 68 1
364 56 -1 4.0 3 6.31 2 1.0 65 56 55 0
365 56 1 2.0 2 10.0 2 1.0 32 45 68 0
366 56 1 4.0 4 6.31 2 1.0 208 71 37 1
367 56 1 2.0 3 3.981 1 1.0 160 56 53 0
368 56 -1 4.0 1 15.849 1 1.0 191 35 45 0
369 56 1 2.0 4 39.182 1 1.0 52 71 63 1
370 56 -1 2.0 1 10.0 2 1.0 163 35 63 0
371 56 1 4.0 1 25.119 2 1.0 210 35 84 0
372 56 1 2.0 4 6.31 1 1.0 335 71 53 0
373 56 -1 2.0 2 3.981 1 1.0 197 45 81 0
374 56 1 2.0 3 6.31 2 1.0 268 56 70 0
375 56 -1 4.0 1 10.0 1 1.0 328 35 43 0
376 56 -1 4.0 2 25.119 2 1.0 208 45 79 1
377 56 -1 2.0 5 10.0 1 1.0 69 89 90 1
378 56 1 4.0 1 39.182 2 1.0 176 35 36 0
379 56 -1 4.0 5 25.119 1 1.0 78 89 78 1
380 56 -1 4.0 3 3.981 1 1.0 221 56 73 0
381 56 1 4.0 4 10.0 1 1.0 49 71 46 0
382 56 -1 2.0 2 39.182 1 1.0 343 45 30 0
383 56 -1 4.0 2 15.849 2 1.0 35 45 36 0
384 56 1 2.0 2 15.849 2 1.0 149 45 77 1
385 56 -1 2.0 3 25.119 2 1.0 127 56 78 1
386 56 -1 2.0 5 39.182 2 1.0 306 89 47 1
387 56 -1 2.0 4 25.119 1 1.0 315 71 40 1
388 56 -1 2.0 5 15.849 1 1.0 84 89 43 1
389 56 1 4.0 3 39.182 1 1.0 27 56 68 0
390 56 1 4.0 1 10.0 2 1.0 356 35 84 0
391 56 1 4.0 5 6.31 2 1.0 35 89 76 1
392 56 1 4.0 4 3.981 2 1.0 240 71 38 0
393 56 -1 2.0 5 10.0 2 1.0 26 89 39 1
394 56 1 2.0 5 10.0 2 1.0 290 89 85 1
395 56 1 2.0 5 3.981 1 1.0 310 89 33 0
396 56 1 2.0 5 6.31 1 1.0 148 89 59 1
397 56 1 4.0 4 39.182 1 1.0 18 71 38 1
398 56 -1 2.0 1 10.0 1 1.0 279 35 67 0
399 56 -1 4.0 4 25.119 2 1.0 27 71 88 1
400 56 1 2.0 5 3.981 2 1.0 166 89 60 0
401 56 -1 4.0 4 6.31 2 1.0 189 71 89 0
402 56 -1 4.0 5 15.849 2 1.0 62 89 43 1
403 56 1 2.0 1 39.182 1 1.0 349 35 85 0
404 56 1 2.0 5 39.182 2 1.0 190 89 54 1
405 56 1 4.0 1 3.981 2 1.0 297 35 70 0
406 56 -1 4.0 4 39.182 2 1.0 15 71 50 1
407 56 1 4.0 2 10.0 1 1.0 137 45 39 0
408 56 -1 2.0 1 3.981 1 1.0 12 35 34 0
409 56 1 4.0 1 25.119 1 1.0 288 35 55 0
410 56 -1 2.0 5 3.981 1 1.0 357 89 37 0
411 56 1 4.0 2 6.31 2 1.0 107 45 77 0
412 56 1 4.0 2 3.981 1 1.0 5 45 88 0
413 56 1 4.0 3 3.981 2 1.0 166 56 85 0
414 56 -1 2.0 1 25.119 1 1.0 84 35 57 0
415 56 -1 4.0 3 10.0 2 1.0 147 56 69 1
416 56 1 2.0 2 39.182 1 1.0 180 45 71 0
417 56 -1 2.0 5 6.31 2 1.0 131 89 39 1
418 56 1 4.0 4 39.182 2 1.0 325 71 80 1
419 56 1 2.0 5 15.849 1 1.0 27 89 32 1
420 56 1 2.0 1 39.182 2 1.0 99 35 40 0
421 56 -1 4.0 4 10.0 2 1.0 231 71 53 1
422 56 1 4.0 2 25.119 2 1.0 30 45 70 0
423 56 1 4.0 4 15.849 2 1.0 287 71 59 1
424 56 1 2.0 3 6.31 1 1.0 46 56 30 0
425 56 -1 4.0 4 10.0 1 1.0 317 71 85 1
426 56 -1 4.0 2 39.182 2 1.0 242 45 53 0
427 56 1 4.0 5 15.849 1 1.0 15 89 36 1
428 56 1 4.0 5 6.31 1 1.0 155 89 30 0
429 56 -1 2.0 2 15.849 1 1.0 139 45 64 0
430 56 1 2.0 1 15.849 2 1.0 203 35 69 0
431 56 1 2.0 1 3.981 2 1.0 315 35 84 0
432 56 -1 2.0 3 25.119 1 1.0 354 56 41 0
433 56 -1 4.0 3 25.119 2 1.0 117 56 69 0
434 56 -1 2.0 1 25.119 2 1.0 358 35 40 0
435 56 -1 2.0 1 6.31 2 1.0 190 35 31 0
436 56 1 2.0 1 6.31 2 1.0 308 35 43 0
437 56 -1 4.0 3 10.0 1 1.0 10 56 81 0
438 56 -1 2.0 1 3.981 2 1.0 13 35 42 0
439 56 -1 4.0 1 6.31 1 1.0 96 35 53 0
440 56 1 4.0 3 15.849 1 1.0 141 56 52 1
441 56 1 4.0 1 39.182 1 1.0 190 35 55 0
442 56 -1 4.0 3 15.849 2 1.0 4 56 34 1
443 56 1 4.0 3 6.31 2 1.0 304 56 42 0
444 56 -1 4.0 1 10.0 2 1.0 221 35 42 0
445 56 -1 4.0 5 25.119 2 1.0 287 89 38 1
446 56 -1 4.0 2 25.119 1 1.0 149 45 50 0
447 56 -1 2.0 2 25.119 2 1.0 3 45 70 0
448 56 -1 2.0 4 15.849 1 1.0 279 71 81 1
449 56 -1 2.0 1 6.31 1 1.0 49 35 41 0
450 56 -1 2.0 2 15.849 2 1.0 272 45 56 0
451 56 -1 2.0 2 10.0 1 1.0 64 45 84 0
452 56 -1 2.0 2 6.31 2 1.0 129 45 30 0
453 56 1 2.0 5 10.0 1 1.0 209 89 46 0
454 56 -1 2.0 1 15.849 2 1.0 198 35 83 0
455 56 1 2.0 1 6.31 1 1.0 333 35 71 0
456 56 -1 4.0 2 10.0 1 1.0 229 45 43 1
457 56 1 2.0 2 39.182 2 1.0 279 45 33 1
458 56 1 2.0 4 10.0 2 1.0 243 71 44 1
459 56 1 4.0 5 10.0 1 1.0 150 89 49 1
460 56 -1 4.0 4 15.849 1 1.0 329 71 52 1
461 56 1 2.0 4 39.182 2 1.0 165 71 90 1
462 56 -1 2.0 4 6.31 1 1.0 24 71 36 1
463 56 1 2.0 2 25.119 2 1.0 279 45 47 1
464 56 1 4.0 3 25.119 1 1.0 159 56 82 1
465 56 -1 4.0 3 39.182 2 1.0 78 56 46 1
466 56 1 2.0 3 15.849 1 1.0 356 56 52 1
467 56 1 2.0 4 15.849 1 1.0 261 71 50 1
468 56 -1 4.0 1 39.182 1 1.0 112 35 80 0
469 56 1 2.0 1 10.0 1 1.0 168 35 33 0
470 56 -1 4.0 3 39.182 1 1.0 174 56 84 1
471 56 -1 4.0 4 39.182 1 1.0 200 71 62 1
472 56 1 4.0 4 25.119 1 1.0 199 71 45 1
473 56 -1 2.0 5 3.981 2 1.0 71 89 47 1
474 56 -1 2.0 2 6.31 1 1.0 133 45 68 0
475 56 -1 4.0 1 6.31 2 1.0 4 35 79 0
476 56 1 4.0 1 10.0 1 1.0 175 35 57 0
477 56 -1 2.0 5 25.119 2 1.0 349 89 64 1
478 56 1 4.0 3 10.0 1 1.0 184 56 86 0
479 56 -1 4.0 5 39.182 2 1.0 96 89 80 1
480 56 1 4.0 3 39.182 2 1.0 346 56 79 0
